2.013540267944335938e-02,7.991747436523437500e+02
1.604199409484863281e-02,9.046481323242187500e+02
2.014684677124023438e-02,7.095869750976562500e+02
1.603245735168457031e-02,9.800837402343750000e+02
1.601767539978027344e-02,1.531734130859375000e+03
2.051568031311035156e-02,3.569754882812500000e+03
1.562666893005371094e-02,7.072268676757812500e+02
1.597571372985839844e-02,5.763122177124023438e+01
2.021884918212890625e-02,4.623504943847656250e+02
1.599836349487304688e-02,1.381876098632812500e+03
1.603937149047851562e-02,1.708631958007812500e+03
1.596665382385253906e-02,2.233488273620605469e+01
2.422046661376953125e-02,1.756482299804687500e+03
2.402544021606445312e-02,7.978266601562500000e+02
1.608943939208984375e-02,1.911486083984375000e+03
1.999998092651367188e-02,1.839678802490234375e+02
1.696252822875976562e-02,1.344237548828125000e+03
2.001905441284179688e-02,2.909058189392089844e+01
1.720309257507324219e-02,1.655522094726562500e+03
2.020955085754394531e-02,2.272546539306640625e+02
2.002143859863281250e-02,1.946034698486328125e+02
2.013897895812988281e-02,5.834072494506835938e+01
2.402782440185546875e-02,-4.564548492431640625e+01
2.402734756469726562e-02,4.110986938476562500e+02
2.422285079956054688e-02,7.881655120849609375e+01
1.600265502929687500e-02,3.412229919433593750e+02
2.016329765319824219e-02,6.294420166015625000e+02
1.953792572021484375e-02,2.324883270263671875e+02
1.601624488830566406e-02,1.171746704101562500e+03
2.415823936462402344e-02,1.094409423828125000e+03
2.801609039306640625e-02,1.026011230468750000e+03
2.030539512634277344e-02,9.278806762695312500e+02
1.552581787109375000e-02,5.610372314453125000e+02
2.074980735778808594e-02,4.783920288085937500e+02
1.995968818664550781e-02,5.803709106445312500e+02
2.400159835815429688e-02,1.803029022216796875e+02
2.010512351989746094e-02,4.734029846191406250e+02
1.955819129943847656e-02,9.847908935546875000e+02
2.024340629577636719e-02,-3.965905761718750000e+01
1.601314544677734375e-02,8.054174194335937500e+02
2.000093460083007812e-02,1.461716552734375000e+03
2.015829086303710938e-02,5.549182739257812500e+02
1.551628112792968750e-02,1.444008544921875000e+03
1.601099967956542969e-02,1.087770996093750000e+03
1.627683639526367188e-02,1.406582183837890625e+02
2.000021934509277344e-02,4.801131896972656250e+02
1.613974571228027344e-02,9.479483642578125000e+02
2.004170417785644531e-02,-8.731655120849609375e+00
1.552033424377441406e-02,2.033612182617187500e+03
2.015233039855957031e-02,3.020584297180175781e+01
1.600027084350585938e-02,8.941442260742187500e+02
1.600360870361328125e-02,1.186795166015625000e+03
2.064752578735351562e-02,6.029964599609375000e+02
2.403450012207031250e-02,6.710859375000000000e+02
1.952266693115234375e-02,1.177232177734375000e+03
1.617026329040527344e-02,1.297831054687500000e+03
2.400159835815429688e-02,1.342876342773437500e+03
1.620388031005859375e-02,1.150768518447875977e+00
1.601982116699218750e-02,3.078298339843750000e+02
2.351903915405273438e-02,4.718062438964843750e+02
1.627278327941894531e-02,5.241784057617187500e+02
1.599764823913574219e-02,2.345718536376953125e+02
2.421021461486816406e-02,1.125759429931640625e+02
1.602458953857421875e-02,1.312530151367187500e+03
1.551985740661621094e-02,9.422380371093750000e+02
1.599860191345214844e-02,9.258203735351562500e+02
1.620292663574218750e-02,1.882299316406250000e+03
1.599812507629394531e-02,5.154264831542968750e+01
2.415966987609863281e-02,4.353254089355468750e+02
2.352690696716308594e-02,9.986533355712890625e+01
1.601314544677734375e-02,8.163056640625000000e+02
2.417182922363281250e-02,8.459370727539062500e+02
2.399969100952148438e-02,7.398210449218750000e+02
1.615452766418457031e-02,1.179093261718750000e+03
2.374100685119628906e-02,8.811201171875000000e+02
2.057647705078125000e-02,-3.641635894775390625e+01
2.351379394531250000e-02,2.921337280273437500e+02
2.069282531738281250e-02,6.875792236328125000e+02
2.352666854858398438e-02,2.074305664062500000e+03
1.611757278442382812e-02,4.383187866210937500e+01
1.600027084350585938e-02,9.354989624023437500e+01
2.412962913513183594e-02,-2.594078254699707031e+01
2.458167076110839844e-02,1.027495483398437500e+03
2.353549003601074219e-02,1.484679077148437500e+03
2.362442016601562500e-02,1.821181152343750000e+03
2.402520179748535156e-02,7.879863891601562500e+02
3.009366989135742188e-02,1.489659790039062500e+03
2.337527275085449219e-02,9.151633453369140625e+01
2.469229698181152344e-02,6.903816986083984375e+01
2.352023124694824219e-02,1.512643920898437500e+03
2.458906173706054688e-02,1.719799438476562500e+03
1.953864097595214844e-02,2.124485595703125000e+03
2.811217308044433594e-02,4.077527770996093750e+02
2.402806282043457031e-02,4.122031860351562500e+02
2.808880805969238281e-02,3.079159851074218750e+02
3.053426742553710938e-02,1.492473022460937500e+03
1.752042770385742188e-02,4.384091796875000000e+02
2.031826972961425781e-02,1.329653930664062500e+02
1.602339744567871094e-02,1.652561279296875000e+03
2.396178245544433594e-02,8.249716949462890625e+01
1.604628562927246094e-02,5.759973754882812500e+02
2.003860473632812500e-02,1.214436157226562500e+03
2.000808715820312500e-02,1.228507041931152344e+01
1.602673530578613281e-02,9.768351440429687500e+02
1.617264747619628906e-02,5.506361083984375000e+02
1.584362983703613281e-02,1.053658203125000000e+03
1.802015304565429688e-02,1.443395019531250000e+03
2.490496635437011719e-02,1.438356323242187500e+03
1.441740989685058594e-02,1.350099975585937500e+03
2.399516105651855469e-02,1.549837875366210938e+01
2.403140068054199219e-02,1.137373962402343750e+02
2.003097534179687500e-02,9.798445434570312500e+02
1.599979400634765625e-02,3.655927429199218750e+02
1.602411270141601562e-02,7.326597290039062500e+02
1.599860191345214844e-02,7.555234375000000000e+02
1.599717140197753906e-02,1.232208740234375000e+03
1.602506637573242188e-02,8.414702758789062500e+02
1.602864265441894531e-02,6.906478404998779297e+00
1.601290702819824219e-02,5.583734130859375000e+02
1.850986480712890625e-02,9.580920410156250000e+02
1.351928710937500000e-02,1.171064697265625000e+03
2.399897575378417969e-02,6.385343933105468750e+01
1.606345176696777344e-02,1.308917541503906250e+02
1.603388786315917969e-02,1.623260650634765625e+02
2.399897575378417969e-02,8.123809814453125000e+02
2.002954483032226562e-02,8.191528320312500000e+02
2.000141143798828125e-02,1.403455200195312500e+03
2.005457878112792969e-02,8.036652832031250000e+02
1.603245735168457031e-02,-8.311694335937500000e+01
2.399706840515136719e-02,1.143131958007812500e+03
2.002882957458496094e-02,2.504892578125000000e+03
2.000164985656738281e-02,1.586316040039062500e+03
1.601791381835937500e-02,6.449638061523437500e+02
2.500772476196289062e-02,1.592320312500000000e+03
2.096056938171386719e-02,3.260765075683593750e+02
2.001452445983886719e-02,4.556799926757812500e+02
8.000612258911132812e-03,3.198750000000000000e+02
2.250647544860839844e-02,2.122438720703125000e+03
2.154040336608886719e-02,1.491033569335937500e+03
2.399992942810058594e-02,1.446083679199218750e+02
2.002859115600585938e-02,2.521267547607421875e+02
1.625370979309082031e-02,9.958012695312500000e+02
1.576399803161621094e-02,8.574254150390625000e+02
1.631975173950195312e-02,1.295819854736328125e+02
1.601815223693847656e-02,1.640935668945312500e+03
1.601052284240722656e-02,2.903996276855468750e+02
2.000784873962402344e-02,3.957333984375000000e+02
2.650833129882812500e-02,2.375382041931152344e+01
1.753354072570800781e-02,4.123776245117187500e+01
1.552128791809082031e-02,5.495808105468750000e+02
1.609802246093750000e-02,1.780894409179687500e+03
1.593303680419921875e-02,4.765227127075195312e+01
1.600050926208496094e-02,1.310700073242187500e+02
1.599979400634765625e-02,1.873545227050781250e+02
1.603722572326660156e-02,2.411459960937500000e+02
1.653242111206054688e-02,4.309381484985351562e+01
1.600027084350585938e-02,1.573838623046875000e+03
1.603007316589355469e-02,5.622645263671875000e+02
1.600003242492675781e-02,1.000165039062500000e+03
1.599931716918945312e-02,7.398299407958984375e+01
2.005600929260253906e-02,2.245149902343750000e+03
1.612424850463867188e-02,1.455945678710937500e+03
1.599884033203125000e-02,4.446931457519531250e+01
1.601839065551757812e-02,2.150354248046875000e+03
2.400398254394531250e-02,1.777743164062500000e+03
1.680827140808105469e-02,3.987237854003906250e+02
2.336072921752929688e-02,2.104797668457031250e+02
1.702260971069335938e-02,1.157948852539062500e+03
1.202154159545898438e-02,1.027780029296875000e+03
2.001237869262695312e-02,8.089104614257812500e+02
1.634526252746582031e-02,1.023362426757812500e+03
2.387714385986328125e-02,2.719415893554687500e+02
1.599621772766113281e-02,1.408237548828125000e+03
2.400946617126464844e-02,7.331846313476562500e+02
2.001094818115234375e-02,3.971106052398681641e+00
1.999878883361816406e-02,7.094555664062500000e+01
1.603317260742187500e-02,7.613645019531250000e+02
2.404308319091796875e-02,8.697684326171875000e+02
1.601910591125488281e-02,2.395262527465820312e+01
2.000904083251953125e-02,7.826010131835937500e+01
2.000522613525390625e-02,1.518650390625000000e+03
2.003622055053710938e-02,9.839165039062500000e+02
1.602840423583984375e-02,6.731675415039062500e+02
1.601147651672363281e-02,8.009020996093750000e+02
1.601791381835937500e-02,5.890740356445312500e+02
1.601147651672363281e-02,2.377609252929687500e+02
1.599740982055664062e-02,2.356967041015625000e+03
1.602745056152343750e-02,5.657268905639648438e+01
1.602792739868164062e-02,5.090296630859375000e+02
2.602696418762207031e-02,6.113188476562500000e+02
2.151989936828613281e-02,5.621557998657226562e+01
2.002954483032226562e-02,1.123754196166992188e+02
1.610827445983886719e-02,4.814500122070312500e+02
1.603651046752929688e-02,3.812919616699218750e+02
1.634097099304199219e-02,5.738911743164062500e+02
2.001476287841796875e-02,4.558182144165039062e+01
1.600122451782226562e-02,4.470633239746093750e+02
1.602506637573242188e-02,1.120414794921875000e+03
2.414631843566894531e-02,9.533264160156250000e+01
1.639223098754882812e-02,1.353255615234375000e+03
2.397418022155761719e-02,2.140197601318359375e+02
1.726078987121582031e-02,2.698493041992187500e+02
1.597166061401367188e-02,2.200606918334960938e+01
2.002000808715820312e-02,2.651645751953125000e+03
1.600742340087890625e-02,5.673640136718750000e+02
1.201891899108886719e-02,-7.247000122070312500e+01
1.601791381835937500e-02,6.216232299804687500e+02
2.001070976257324219e-02,2.021701622009277344e+01
1.607632637023925781e-02,1.599903076171875000e+03
2.005934715270996094e-02,3.303024414062500000e+03
2.014493942260742188e-02,1.208582153320312500e+03
2.014875411987304688e-02,5.480506591796875000e+02
1.605391502380371094e-02,7.627321777343750000e+02
1.600027084350585938e-02,8.077877197265625000e+02
1.623892784118652344e-02,8.609686279296875000e+02
1.575684547424316406e-02,1.954864990234375000e+03
2.406597137451171875e-02,2.578205871582031250e+02
1.623225212097167969e-02,2.154695800781250000e+03
1.601147651672363281e-02,3.377260009765625000e+03
1.603889465332031250e-02,1.427029907226562500e+03
1.652383804321289062e-02,8.893346557617187500e+02
1.628398895263671875e-02,6.984505615234375000e+02
1.994872093200683594e-02,1.469201904296875000e+03
2.416920661926269531e-02,7.276858520507812500e+01
2.399969100952148438e-02,1.898662963867187500e+03
1.846694946289062500e-02,2.645561523437500000e+03
1.353335380554199219e-02,1.635019683837890625e+02
1.602792739868164062e-02,2.906122436523437500e+02
2.001762390136718750e-02,4.686282730102539062e+01
2.400898933410644531e-02,1.233392700195312500e+03
2.001237869262695312e-02,1.611419189453125000e+03
1.871848106384277344e-02,4.936843566894531250e+02
1.682972908020019531e-02,8.720755615234375000e+02
1.410698890686035156e-02,1.549557739257812500e+03
1.613354682922363281e-02,2.756001281738281250e+01
2.422738075256347656e-02,3.317418518066406250e+02
1.991057395935058594e-02,1.417231567382812500e+03
1.605200767517089844e-02,9.636275482177734375e+01
2.029561996459960938e-02,1.012272827148437500e+03
2.003002166748046875e-02,5.728684616088867188e+01
1.630830764770507812e-02,1.269672973632812500e+03
1.614689826965332031e-02,5.865428466796875000e+02
1.625704765319824219e-02,1.403331665039062500e+03
1.640725135803222656e-02,6.530506591796875000e+02
2.001619338989257812e-02,7.367179107666015625e+01
1.603031158447265625e-02,1.487964355468750000e+03
1.600027084350585938e-02,3.388172912597656250e+02
1.602220535278320312e-02,4.439604492187500000e+02
2.002429962158203125e-02,-1.162979960441589355e+00
1.602768898010253906e-02,1.466707992553710938e+01
1.599979400634765625e-02,4.509587402343750000e+02
1.602911949157714844e-02,2.518102783203125000e+03
2.000236511230468750e-02,2.067790746688842773e+00
1.601767539978027344e-02,1.065166931152343750e+02
2.410221099853515625e-02,2.406931884765625000e+03
2.011251449584960938e-02,7.681954956054687500e+02
1.603007316589355469e-02,8.751687622070312500e+02
1.600027084350585938e-02,8.095974731445312500e+02
1.599907875061035156e-02,5.475190734863281250e+01
1.633501052856445312e-02,1.450534545898437500e+03
1.837563514709472656e-02,1.118471557617187500e+03
2.244830131530761719e-02,1.055450561523437500e+03
1.615047454833984375e-02,2.448080825805664062e+01
1.600003242492675781e-02,3.286261962890625000e+03
1.596236228942871094e-02,4.902857055664062500e+02
1.603841781616210938e-02,1.641305236816406250e+02
1.603531837463378906e-02,1.381876953125000000e+03
1.852226257324218750e-02,4.196741943359375000e+02
1.751804351806640625e-02,9.910734863281250000e+02
2.019691467285156250e-02,1.331504394531250000e+03
1.584124565124511719e-02,3.441514968872070312e+01
1.601266860961914062e-02,6.643077850341796875e+01
2.009391784667968750e-02,1.753207763671875000e+03
2.010893821716308594e-02,1.140066894531250000e+03
1.601696014404296875e-02,6.463645019531250000e+02
1.996159553527832031e-02,1.405703735351562500e+03
1.668238639831542969e-02,5.528412475585937500e+02
1.671075820922851562e-02,1.484994262695312500e+03
1.252913475036621094e-02,3.963730239868164062e+01
2.483057975769042969e-02,1.936748291015625000e+03
2.000021934509277344e-02,4.908085937500000000e+02
2.409744262695312500e-02,3.774609375000000000e+02
2.418780326843261719e-02,8.364996948242187500e+02
1.599621772766113281e-02,8.397937622070312500e+02
1.603436470031738281e-02,1.668074951171875000e+03
1.599979400634765625e-02,8.018185424804687500e+02
2.250671386718750000e-02,6.907857055664062500e+02
2.554488182067871094e-02,1.340000033378601074e+00
2.402234077453613281e-02,1.700848510742187500e+03
2.001118659973144531e-02,-1.269667053222656250e+01
2.401113510131835938e-02,1.685541015625000000e+03
1.600766181945800781e-02,2.780227294921875000e+03
2.002859115600585938e-02,2.191753417968750000e+03
1.600146293640136719e-02,5.179415130615234375e+01
1.603651046752929688e-02,1.128993164062500000e+03
1.999902725219726562e-02,2.336244201660156250e+02
1.601696014404296875e-02,8.274489746093750000e+02
1.205062866210937500e-02,8.539891967773437500e+02
2.003192901611328125e-02,6.948865356445312500e+02
1.601696014404296875e-02,1.469194702148437500e+03
1.601171493530273438e-02,5.973256225585937500e+02
1.600050926208496094e-02,1.428698242187500000e+03
1.613473892211914062e-02,1.399705322265625000e+03
1.605463027954101562e-02,1.833682861328125000e+02
2.031731605529785156e-02,1.251274169921875000e+03
1.588535308837890625e-02,3.646575927734375000e+02
1.600265502929687500e-02,2.839620666503906250e+02
1.603817939758300781e-02,9.676997070312500000e+02
1.604962348937988281e-02,6.790035247802734375e+01
1.593875885009765625e-02,7.582979125976562500e+02
1.602292060852050781e-02,1.286938018798828125e+02
1.610660552978515625e-02,1.495527343750000000e+03
1.993441581726074219e-02,2.210331268310546875e+02
2.404022216796875000e-02,4.260679321289062500e+02
1.597785949707031250e-02,1.188647460937500000e+03
1.601886749267578125e-02,2.158138671875000000e+03
2.352213859558105469e-02,9.876165161132812500e+02
1.603579521179199219e-02,6.145608901977539062e+01
1.600027084350585938e-02,4.514974060058593750e+02
2.001500129699707031e-02,1.428532348632812500e+03
2.000951766967773438e-02,2.378377914428710938e+01
2.003431320190429688e-02,2.136469268798828125e+02
1.599931716918945312e-02,3.992798156738281250e+02
2.403306961059570312e-02,4.980290222167968750e+02
1.600217819213867188e-02,-7.999801635742187500e+01
2.003359794616699219e-02,1.038265991210937500e+02
1.984405517578125000e-02,1.721875976562500000e+03
1.613783836364746094e-02,1.624313720703125000e+03
1.601314544677734375e-02,5.585187988281250000e+02
2.000355720520019531e-02,2.390889160156250000e+03
2.030014991760253906e-02,2.075298500061035156e+01
2.041697502136230469e-02,1.876408569335937500e+03
2.404403686523437500e-02,6.430964355468750000e+02
1.605796813964843750e-02,3.165609436035156250e+02
2.395462989807128906e-02,1.802038116455078125e+02
1.603150367736816406e-02,8.819255828857421875e+01
1.601362228393554688e-02,1.622640533447265625e+02
1.602458953857421875e-02,8.222232666015625000e+02
1.602983474731445312e-02,1.882936553955078125e+02
1.600074768066406250e-02,7.062651977539062500e+02
1.600193977355957031e-02,6.804794921875000000e+02
2.415108680725097656e-02,8.883101196289062500e+02
1.956319808959960938e-02,1.307113281250000000e+03
2.005314826965332031e-02,8.768023071289062500e+02
2.413368225097656250e-02,3.302999877929687500e+01
1.607084274291992188e-02,7.823051757812500000e+02
1.606249809265136719e-02,2.387434082031250000e+02
2.001309394836425781e-02,1.979199981689453125e+02
1.552557945251464844e-02,1.152387847900390625e+02
1.603889465332031250e-02,8.195770263671875000e+02
1.999664306640625000e-02,1.248063945770263672e+01
2.000451087951660156e-02,1.456441406250000000e+03
1.603603363037109375e-02,1.337246215820312500e+03
1.652669906616210938e-02,2.151930236816406250e+01
1.552796363830566406e-02,3.659561157226562500e+02
2.003622055053710938e-02,2.669471923828125000e+03
1.599979400634765625e-02,3.815281372070312500e+02
1.602053642272949219e-02,4.399587402343750000e+02
2.001047134399414062e-02,5.679997920989990234e+00
1.611161231994628906e-02,3.352381515502929688e+01
1.659822463989257812e-02,1.971174926757812500e+03
1.554632186889648438e-02,2.009596679687500000e+03
1.600146293640136719e-02,1.023695190429687500e+03
1.599884033203125000e-02,8.240320434570312500e+02
2.403473854064941406e-02,1.062452758789062500e+03
2.458119392395019531e-02,2.408398681640625000e+03
2.002835273742675781e-02,9.518132781982421875e+01
1.240229606628417969e-02,9.925764160156250000e+02
2.001595497131347656e-02,5.562700195312500000e+02
1.601219177246093750e-02,6.041076660156250000e+02
1.552152633666992188e-02,9.829451904296875000e+02
1.600861549377441406e-02,4.940389404296875000e+02
1.602554321289062500e-02,3.050909423828125000e+03
1.600289344787597656e-02,8.572315063476562500e+02
1.612091064453125000e-02,2.136794433593750000e+02
1.991415023803710938e-02,1.640366943359375000e+03
1.601147651672363281e-02,8.868408813476562500e+02
1.619243621826171875e-02,2.021653320312500000e+03
1.868963241577148438e-02,8.850599975585937500e+02
1.792049407958984375e-02,5.152135620117187500e+02
1.555681228637695312e-02,8.897264862060546875e+01
1.497220993041992188e-02,1.250927047729492188e+02
1.672172546386718750e-02,6.293822021484375000e+02
1.601004600524902344e-02,6.902056884765625000e+02
1.632475852966308594e-02,1.902134765625000000e+03
1.970529556274414062e-02,4.961771545410156250e+02
1.850748062133789062e-02,1.067398681640625000e+02
1.754856109619140625e-02,1.960365844726562500e+03
2.411270141601562500e-02,1.095085815429687500e+03
1.603031158447265625e-02,2.063294433593750000e+03
1.599955558776855469e-02,3.172596359252929688e+01
2.023100852966308594e-02,7.680692138671875000e+02
2.382254600524902344e-02,1.353538085937500000e+03
1.603245735168457031e-02,6.937351074218750000e+02
1.682519912719726562e-02,1.770662841796875000e+02
2.400994300842285156e-02,8.176373291015625000e+01
2.402853965759277344e-02,1.701473754882812500e+03
2.001714706420898438e-02,6.591862182617187500e+02
2.402114868164062500e-02,6.073832702636718750e+01
1.601028442382812500e-02,6.055957031250000000e+02
2.000737190246582031e-02,2.116645263671875000e+03
1.600217819213867188e-02,1.418951293945312500e+03
1.602649688720703125e-02,6.074648437500000000e+02
1.601219177246093750e-02,8.483311462402343750e+01
2.003264427185058594e-02,1.219805786132812500e+03
1.602983474731445312e-02,1.596732177734375000e+03
1.999592781066894531e-02,4.766889038085937500e+02
1.600122451782226562e-02,1.601456069946289062e+01
1.602792739868164062e-02,1.196287963867187500e+03
1.602840423583984375e-02,4.714464416503906250e+02
2.004408836364746094e-02,4.269049682617187500e+02
2.002835273742675781e-02,7.041857910156250000e+02
1.599979400634765625e-02,9.418664550781250000e+02
1.608300209045410156e-02,7.355506591796875000e+02
1.600766181945800781e-02,1.560558837890625000e+03
1.602911949157714844e-02,1.393934082031250000e+03
2.001976966857910156e-02,2.331909179687500000e+02
1.603746414184570312e-02,1.888182250976562500e+03
1.597476005554199219e-02,8.673515319824218750e+01
2.402758598327636719e-02,1.378785705566406250e+02
2.403998374938964844e-02,1.252143066406250000e+03
1.602721214294433594e-02,5.541884155273437500e+02
1.601576805114746094e-02,1.223189575195312500e+03
2.399563789367675781e-02,2.549132812500000000e+03
1.602792739868164062e-02,1.899341278076171875e+02
1.601028442382812500e-02,1.123154525756835938e+02
1.602935791015625000e-02,5.264989624023437500e+02
1.601600646972656250e-02,4.953001439571380615e-02
1.601195335388183594e-02,1.300904785156250000e+03
1.610946655273437500e-02,3.900791931152343750e+02
1.991462707519531250e-02,5.141423702239990234e+00
1.601505279541015625e-02,1.853676910400390625e+02
1.551961898803710938e-02,1.646249877929687500e+03
1.603245735168457031e-02,8.259046630859375000e+02
1.599979400634765625e-02,1.332912719726562500e+03
1.599693298339843750e-02,8.848335571289062500e+02
1.600289344787597656e-02,6.523363037109375000e+02
1.602816581726074219e-02,6.808715820312500000e+02
1.603126525878906250e-02,1.504596191406250000e+03
1.852059364318847656e-02,1.952354583740234375e+02
2.151751518249511719e-02,9.229759521484375000e+02
1.608538627624511719e-02,1.415963989257812500e+03
1.594448089599609375e-02,1.209235229492187500e+03
1.601219177246093750e-02,0.000000000000000000e+00
2.023816108703613281e-02,7.096278190612792969e+00
8.027076721191406250e-03,1.304162311553955078e+01
2.799725532531738281e-02,1.136642211914062500e+03
1.602005958557128906e-02,5.041625976562500000e+01
1.601028442382812500e-02,6.860262451171875000e+02
1.601028442382812500e-02,5.010452270507812500e+02
1.629996299743652344e-02,9.543584594726562500e+02
1.589202880859375000e-02,-7.728720855712890625e+01
1.999974250793457031e-02,6.547661743164062500e+02
2.250790596008300781e-02,2.275348632812500000e+03
1.351928710937500000e-02,3.147861022949218750e+02
2.404093742370605469e-02,1.127892700195312500e+03
2.003145217895507812e-02,6.195520629882812500e+02
1.999807357788085938e-02,1.318000488281250000e+03
1.942944526672363281e-02,2.817781066894531250e+02
1.775932312011718750e-02,1.000027694702148438e+02
2.012729644775390625e-02,8.000077514648437500e+02
1.600027084350585938e-02,1.812376586914062500e+03
1.610875129699707031e-02,1.484027343750000000e+03
1.597070693969726562e-02,1.806391113281250000e+03
1.601743698120117188e-02,6.672858886718750000e+02
2.007389068603515625e-02,1.537414672851562500e+03
2.069211006164550781e-02,1.623509277343750000e+03
2.010869979858398438e-02,4.899829101562500000e+02
1.627731323242187500e-02,5.207209472656250000e+02
1.617074012756347656e-02,1.409397888183593750e+02
2.003765106201171875e-02,7.003569335937500000e+02
2.072381973266601562e-02,4.885556411743164062e+01
2.003669738769531250e-02,2.735827026367187500e+02
2.800035476684570312e-02,5.492875671386718750e+01
1.999926567077636719e-02,1.872132934570312500e+03
1.602578163146972656e-02,-9.761794805526733398e-01
1.602482795715332031e-02,3.316367431640625000e+03
1.851415634155273438e-02,2.396796264648437500e+02
1.351976394653320312e-02,1.170049057006835938e+02
2.067375183105468750e-02,4.717869949340820312e+01
1.556134223937988281e-02,1.071879806518554688e+02
1.599955558776855469e-02,8.445426635742187500e+02
1.603722572326660156e-02,4.388032836914062500e+02
1.601433753967285156e-02,2.034697998046875000e+03
1.603221893310546875e-02,6.081924438476562500e+02
1.599884033203125000e-02,5.713622283935546875e+01
1.600217819213867188e-02,1.035230178833007812e+02
2.003502845764160156e-02,4.474114074707031250e+02
2.023458480834960938e-02,2.368371963500976562e+01
1.582860946655273438e-02,1.743817626953125000e+03
1.599955558776855469e-02,1.164359985351562500e+03
2.399754524230957031e-02,9.131101074218750000e+02
2.003335952758789062e-02,1.942154083251953125e+02
2.403426170349121094e-02,1.412610473632812500e+02
1.602149009704589844e-02,1.645602172851562500e+03
1.601052284240722656e-02,1.837534057617187500e+03
1.599979400634765625e-02,9.344895019531250000e+02
2.403426170349121094e-02,5.445535278320312500e+02
2.402520179748535156e-02,1.893420288085937500e+03
1.602959632873535156e-02,8.509117889404296875e+01
1.601123809814453125e-02,1.105948242187500000e+03
2.000093460083007812e-02,7.461189270019531250e+01
1.602578163146972656e-02,1.337227905273437500e+03
2.001523971557617188e-02,1.221055297851562500e+03
1.604175567626953125e-02,1.477420654296875000e+03
1.601672172546386719e-02,2.020916137695312500e+03
2.400946617126464844e-02,4.519221191406250000e+02
2.001452445983886719e-02,5.579193878173828125e+01
2.402019500732421875e-02,6.302351684570312500e+02
2.805614471435546875e-02,4.499945373535156250e+02
2.399921417236328125e-02,2.072247314453125000e+03
1.600360870361328125e-02,2.138798980712890625e+02
1.601648330688476562e-02,4.221911315917968750e+02
2.002310752868652344e-02,1.418590576171875000e+03
2.003812789916992188e-02,1.243836669921875000e+03
2.403688430786132812e-02,7.959250488281250000e+02
2.400112152099609375e-02,5.735261840820312500e+02
1.601791381835937500e-02,1.135600341796875000e+03
1.601195335388183594e-02,5.652166137695312500e+02
2.002668380737304688e-02,1.396871185302734375e+02
1.232933998107910156e-02,1.222967773437500000e+03
2.415943145751953125e-02,5.469293975830078125e+01
1.588416099548339844e-02,2.733174743652343750e+02
1.599860191345214844e-02,8.935287475585937500e+02
1.751613616943359375e-02,5.259959106445312500e+02
1.456451416015625000e-02,1.260312377929687500e+03
1.999711990356445312e-02,1.181873168945312500e+03
1.200580596923828125e-02,1.617796020507812500e+03
1.877617835998535156e-02,5.910540161132812500e+02
2.241802215576171875e-02,3.704138488769531250e+02
2.056550979614257812e-02,1.109188232421875000e+03
1.780223846435546875e-02,6.560692138671875000e+02
3.327822685241699219e-02,6.906759033203125000e+02
1.605558395385742188e-02,1.401382904052734375e+02
2.292799949645996094e-02,2.080973388671875000e+03
1.709771156311035156e-02,9.220970458984375000e+02
2.399945259094238281e-02,2.577165527343750000e+03
2.402472496032714844e-02,1.451195678710937500e+03
2.003550529479980469e-02,5.332182617187500000e+02
2.003121376037597656e-02,1.454279296875000000e+03
1.600885391235351562e-02,1.626643432617187500e+03
1.633405685424804688e-02,2.175916015625000000e+03
2.369832992553710938e-02,6.869009399414062500e+01
1.602268218994140625e-02,3.972838439941406250e+02
1.601672172546386719e-02,1.040249755859375000e+03
1.604008674621582031e-02,2.444957160949707031e+01
2.002620697021484375e-02,1.816952514648437500e+03
1.599764823913574219e-02,1.944634399414062500e+02
1.600027084350585938e-02,1.677115478515625000e+03
1.679205894470214844e-02,1.321863403320312500e+03
2.006602287292480469e-02,1.155711669921875000e+03
1.651501655578613281e-02,2.460902587890625000e+03
2.001762390136718750e-02,6.712830352783203125e+01
2.000522613525390625e-02,3.252055053710937500e+02
2.402615547180175781e-02,1.350836914062500000e+03
1.600837707519531250e-02,1.545739593505859375e+02
1.602149009704589844e-02,2.057549316406250000e+03
1.602077484130859375e-02,2.454230308532714844e+01
1.599907875061035156e-02,4.636682128906250000e+01
1.850628852844238281e-02,2.852085449218750000e+03
1.351523399353027344e-02,1.327761230468750000e+03
2.401280403137207031e-02,1.276601123809814453e+01
1.652216911315917969e-02,7.597280120849609375e+01
1.602244377136230469e-02,2.113497558593750000e+03
2.000570297241210938e-02,6.762498779296875000e+02
2.403116226196289062e-02,1.912977050781250000e+03
2.400898933410644531e-02,9.332845458984375000e+02
1.920390129089355469e-02,9.339913940429687500e+02
2.241659164428710938e-02,5.080422210693359375e+01
1.600074768066406250e-02,8.217543792724609375e+01
1.603603363037109375e-02,3.958393249511718750e+02
1.600027084350585938e-02,5.936739501953125000e+02
1.603746414184570312e-02,1.545334350585937500e+03
1.600933074951171875e-02,-7.247000122070312500e+01
2.003598213195800781e-02,9.532205963134765625e+01
1.999616622924804688e-02,2.158392089843750000e+03
2.404475212097167969e-02,9.278443145751953125e+01
2.413082122802734375e-02,9.401198120117187500e+02
1.602888107299804688e-02,1.164145874023437500e+03
1.999568939208984375e-02,2.866374816894531250e+02
1.851153373718261719e-02,6.726756591796875000e+02
1.352047920227050781e-02,3.120354003906250000e+02
1.600980758666992188e-02,1.504703125000000000e+03
1.607131958007812500e-02,7.353134155273437500e+02
2.001404762268066406e-02,8.935897216796875000e+02
1.599884033203125000e-02,-5.884837150573730469e+00
1.599860191345214844e-02,5.000000074505805969e-02
1.603293418884277344e-02,8.286796875000000000e+02
1.600837707519531250e-02,1.225366577148437500e+03
1.854157447814941406e-02,9.881668090820312500e+02
1.755809783935546875e-02,3.956774902343750000e+02
1.600003242492675781e-02,1.463676635742187500e+03
2.005076408386230469e-02,4.155287475585937500e+02
2.401494979858398438e-02,9.225930786132812500e+01
1.605343818664550781e-02,4.912846069335937500e+02
1.607012748718261719e-02,2.656048095703125000e+03
1.599955558776855469e-02,5.326216430664062500e+02
1.600027084350585938e-02,2.068667724609375000e+03
1.607751846313476562e-02,3.196944885253906250e+02
2.005147933959960938e-02,1.068684204101562500e+03
2.007055282592773438e-02,1.290132080078125000e+03
1.599884033203125000e-02,2.914363861083984375e+01
1.620173454284667969e-02,8.222346801757812500e+02
1.853942871093750000e-02,6.347072753906250000e+02
2.282595634460449219e-02,5.202952880859375000e+02
2.484989166259765625e-02,9.535015258789062500e+02
1.601529121398925781e-02,8.514566650390625000e+02
2.003860473632812500e-02,4.960333251953125000e+02
1.600265502929687500e-02,1.275208206176757812e+02
1.614880561828613281e-02,2.680244636535644531e+01
1.601910591125488281e-02,5.356725463867187500e+02
2.006483078002929688e-02,1.731270874023437500e+03
1.605200767517089844e-02,1.450015869140625000e+03
2.006506919860839844e-02,2.110835205078125000e+03
1.591777801513671875e-02,3.497446777343750000e+03
2.004218101501464844e-02,8.006318359375000000e+02
1.606535911560058594e-02,1.217933105468750000e+03
1.625633239746093750e-02,4.618123779296875000e+02
2.400445938110351562e-02,1.190077514648437500e+03
1.599550247192382812e-02,3.466385803222656250e+02
1.598072052001953125e-02,4.657432861328125000e+02
1.609396934509277344e-02,1.794153900146484375e+02
1.597523689270019531e-02,5.307116699218750000e+01
2.004289627075195312e-02,2.147646789550781250e+02
1.600217819213867188e-02,1.086808471679687500e+03
1.610827445983886719e-02,6.634180908203125000e+02
1.591944694519042969e-02,1.164322387695312500e+03
2.000570297241210938e-02,1.596815673828125000e+03
2.005171775817871094e-02,1.872332916259765625e+02
1.605272293090820312e-02,2.901728759765625000e+03
1.598048210144042969e-02,2.141293701171875000e+03
1.607584953308105469e-02,2.125304931640625000e+03
2.000927925109863281e-02,1.452357788085937500e+03
1.600599288940429688e-02,1.238455566406250000e+03
1.627230644226074219e-02,3.845403747558593750e+02
1.600050926208496094e-02,3.430156738281250000e+03
1.613402366638183594e-02,1.946882934570312500e+03
1.998877525329589844e-02,5.613944702148437500e+02
1.598882675170898438e-02,5.834023437500000000e+02
1.953530311584472656e-02,1.994085540771484375e+02
1.857304573059082031e-02,8.542185974121093750e+01
1.354193687438964844e-02,7.103388671875000000e+02
2.397584915161132812e-02,2.943458251953125000e+02
2.403593063354492188e-02,1.968206481933593750e+02
2.001166343688964844e-02,1.341091430664062500e+03
1.618242263793945312e-02,1.134780761718750000e+03
1.600003242492675781e-02,5.370575428009033203e+00
1.999855041503906250e-02,7.641867828369140625e+01
1.614570617675781250e-02,3.769931030273437500e+02
1.605367660522460938e-02,1.348147201538085938e+01
1.560163497924804688e-02,1.648785034179687500e+03
2.416992187500000000e-02,1.172655639648437500e+03
2.000546455383300781e-02,1.656956909179687500e+03
1.600456237792968750e-02,1.818572753906250000e+03
1.601243019104003906e-02,1.034028808593750000e+03
2.001523971557617188e-02,1.262340450286865234e+01
1.606178283691406250e-02,5.573686523437500000e+02
1.600074768066406250e-02,2.139528503417968750e+02
2.007818222045898438e-02,1.496769775390625000e+03
1.594185829162597656e-02,1.301268157958984375e+02
1.599955558776855469e-02,3.477663269042968750e+02
1.604771614074707031e-02,7.712410278320312500e+02
1.642274856567382812e-02,1.885976684570312500e+03
1.605558395385742188e-02,2.811656738281250000e+03
2.002787590026855469e-02,1.039206665039062500e+03
1.597285270690917969e-02,3.215503417968750000e+03
1.604270935058593750e-02,1.776015472412109375e+02
1.956534385681152344e-02,6.180159912109375000e+02
1.613354682922363281e-02,2.704996032714843750e+02
1.601696014404296875e-02,2.103294830322265625e+02
2.799749374389648438e-02,9.031327514648437500e+02
2.005052566528320312e-02,1.066399902343750000e+03
2.803611755371093750e-02,3.210568542480468750e+02
1.603174209594726562e-02,1.375764038085937500e+03
2.400803565979003906e-02,3.436488952636718750e+02
2.002286911010742188e-02,1.399752441406250000e+03
1.599884033203125000e-02,7.140000000000000000e+02
1.605033874511718750e-02,6.295212173461914062e+01
1.638627052307128906e-02,5.011760330200195312e+01
1.605772972106933594e-02,2.087999877929687500e+02
1.625847816467285156e-02,1.407449340820312500e+03
1.978111267089843750e-02,2.520311431884765625e+02
1.605534553527832031e-02,5.081691894531250000e+02
1.559996604919433594e-02,7.154675903320312500e+02
1.855206489562988281e-02,9.100244140625000000e+01
1.360177993774414062e-02,3.817219848632812500e+02
2.000260353088378906e-02,1.645895385742187500e+03
1.605534553527832031e-02,1.817839721679687500e+03
2.402544021606445312e-02,2.312540283203125000e+02
1.632308959960937500e-02,6.759331665039062500e+02
2.415275573730468750e-02,1.582338989257812500e+03
1.597046852111816406e-02,9.135046386718750000e+02
1.613903045654296875e-02,6.384487304687500000e+02
2.437520027160644531e-02,1.592741699218750000e+02
2.353119850158691406e-02,8.232344055175781250e+01
1.601386070251464844e-02,1.143606719970703125e+02
1.999783515930175781e-02,3.861473083496093750e+02
2.005314826965332031e-02,2.007897186279296875e+02
2.406764030456542969e-02,1.824430664062500000e+03
1.600408554077148438e-02,1.579174560546875000e+03
2.407050132751464844e-02,8.791780090332031250e+01
1.599955558776855469e-02,1.640892333984375000e+03
1.606678962707519531e-02,1.720093917846679688e+01
2.411293983459472656e-02,6.702786254882812500e+02
2.420973777770996094e-02,1.361635253906250000e+03
2.041983604431152344e-02,1.518901000976562500e+03
1.614022254943847656e-02,2.953463172912597656e+01
1.660084724426269531e-02,7.726747894287109375e+01
1.600050926208496094e-02,1.850281982421875000e+03
1.632881164550781250e-02,3.117342834472656250e+02
1.708650588989257812e-02,5.697405395507812500e+02
1.600098609924316406e-02,5.284573554992675781e+00
2.400970458984375000e-02,1.413570068359375000e+03
2.401018142700195312e-02,1.784172485351562500e+03
2.000761032104492188e-02,1.902020874023437500e+03
1.604151725769042969e-02,1.361743286132812500e+03
1.601099967956542969e-02,-6.964985847473144531e+00
2.650451660156250000e-02,1.928975830078125000e+03
1.752567291259765625e-02,1.473882812500000000e+03
1.600265502929687500e-02,1.666129272460937500e+03
1.603531837463378906e-02,1.030943969726562500e+03
2.400779724121093750e-02,4.625584125518798828e+00
2.000570297241210938e-02,5.737626342773437500e+02
2.001643180847167969e-02,1.756243133544921875e+02
1.600384712219238281e-02,1.749414062500000000e+03
2.024435997009277344e-02,1.105657714843750000e+03
2.001690864562988281e-02,6.186191177368164062e+01
1.999878883361816406e-02,-2.674269974231719971e-01
2.001905441284179688e-02,3.595451736450195312e+01
2.406287193298339844e-02,4.518555297851562500e+02
1.612281799316406250e-02,1.804251098632812500e+02
1.652789115905761719e-02,1.546607666015625000e+03
1.599931716918945312e-02,1.077864624023437500e+03
1.851081848144531250e-02,7.270603027343750000e+02
2.156686782836914062e-02,4.646676330566406250e+02
2.402973175048828125e-02,1.441209472656250000e+03
2.002930641174316406e-02,1.156406021118164062e+01
1.999878883361816406e-02,3.434383392333984375e+00
1.643943786621093750e-02,6.674721069335937500e+02
2.400040626525878906e-02,1.229815307617187500e+03
1.839113235473632812e-02,6.757977905273437500e+02
1.052713394165039062e-02,-3.229048252105712891e+00
1.951360702514648438e-02,4.744581298828125000e+02
2.000141143798828125e-02,1.181773559570312500e+03
2.001786231994628906e-02,1.256857177734375000e+03
2.401518821716308594e-02,4.920863647460937500e+02
2.805256843566894531e-02,3.179754638671875000e+02
2.000188827514648438e-02,1.039510864257812500e+03
1.600170135498046875e-02,9.832125854492187500e+02
1.603436470031738281e-02,1.132571777343750000e+03
2.031469345092773438e-02,3.066248779296875000e+02
1.930999755859375000e-02,3.060413574218750000e+03
2.174234390258789062e-02,8.876327514648437500e+02
2.004098892211914062e-02,5.293596191406250000e+02
1.601290702819824219e-02,1.801270996093750000e+03
1.602482795715332031e-02,4.529116439819335938e+01
2.057194709777832031e-02,9.656793212890625000e+02
2.400040626525878906e-02,1.013453063964843750e+03
1.600456237792968750e-02,8.303882446289062500e+02
1.601624488830566406e-02,1.007693603515625000e+03
1.200890541076660156e-02,5.245323486328125000e+02
1.600694656372070312e-02,9.835015869140625000e+02
2.006864547729492188e-02,1.623628906250000000e+03
1.600265502929687500e-02,2.273823974609375000e+03
2.653169631958007812e-02,2.969795227050781250e+02
1.354908943176269531e-02,2.399066162109375000e+01
2.070045471191406250e-02,7.864123535156250000e+02
1.646637916564941406e-02,1.681679229736328125e+02
2.001023292541503906e-02,3.501259155273437500e+02
1.631999015808105469e-02,1.577802276611328125e+02
1.637721061706542969e-02,2.254342773437500000e+03
2.001094818115234375e-02,2.180124023437500000e+03
1.885819435119628906e-02,5.580857543945312500e+02
1.478576660156250000e-02,1.329859497070312500e+03
1.569366455078125000e-02,5.788391876220703125e+01
1.629185676574707031e-02,1.037731201171875000e+03
1.641798019409179688e-02,8.088006591796875000e+01
1.596045494079589844e-02,1.883343139648437500e+03
2.101731300354003906e-02,2.931108093261718750e+02
1.506710052490234375e-02,6.168941650390625000e+02
2.000093460083007812e-02,4.796788024902343750e+02
1.606130599975585938e-02,1.548094787597656250e+02
1.195669174194335938e-02,0.000000000000000000e+00
2.000832557678222656e-02,7.636135253906250000e+02
1.601338386535644531e-02,1.513196899414062500e+03
1.608085632324218750e-02,1.282754150390625000e+03
1.599693298339843750e-02,5.712425994873046875e+01
1.600050926208496094e-02,2.985436401367187500e+02
1.601338386535644531e-02,7.433909912109375000e+02
1.601052284240722656e-02,1.061999877929687500e+03
2.421379089355468750e-02,3.602541198730468750e+02
1.611351966857910156e-02,5.389955444335937500e+02
2.399921417236328125e-02,8.840571899414062500e+02
1.604032516479492188e-02,1.555128540039062500e+03
1.600170135498046875e-02,1.306202636718750000e+03
1.600790023803710938e-02,1.435525146484375000e+03
2.007031440734863281e-02,1.750989532470703125e+02
2.401328086853027344e-02,7.730212402343750000e+02
1.600337028503417969e-02,1.110058105468750000e+03
1.602840423583984375e-02,7.292487792968750000e+02
1.599907875061035156e-02,1.766714355468750000e+03
1.759648323059082031e-02,1.201291992187500000e+03
2.272534370422363281e-02,1.001653503417968750e+03
2.400064468383789062e-02,6.797255706787109375e+01
2.041840553283691406e-02,1.071253890991210938e+02
1.199674606323242188e-02,1.001303955078125000e+03
1.864194869995117188e-02,2.664134216308593750e+02
1.517605781555175781e-02,5.134594726562500000e+02
1.973104476928710938e-02,1.401875244140625000e+03
1.634025573730468750e-02,1.284950561523437500e+03
2.405381202697753906e-02,3.743046569824218750e+02
1.601600646972656250e-02,1.833241455078125000e+03
1.552772521972656250e-02,1.204196411132812500e+03
1.607441902160644531e-02,5.095498962402343750e+02
1.596117019653320312e-02,6.649436187744140625e+01
2.001762390136718750e-02,7.675935668945312500e+02
1.600933074951171875e-02,2.477385986328125000e+03
1.630783081054687500e-02,1.257334350585937500e+03
1.588797569274902344e-02,1.065876722335815430e+00
2.002215385437011719e-02,8.654096722602844238e-01
1.616072654724121094e-02,7.009174194335937500e+02
1.600694656372070312e-02,8.706156616210937500e+02
1.600003242492675781e-02,7.779919433593750000e+01
1.646637916564941406e-02,8.408762817382812500e+02
1.536965370178222656e-02,8.699672241210937500e+02
1.999783515930175781e-02,1.035482543945312500e+03
1.999902725219726562e-02,5.830468139648437500e+02
2.002906799316406250e-02,5.786196899414062500e+01
1.600146293640136719e-02,1.301166015625000000e+03
1.204752922058105469e-02,9.766227722167968750e+01
1.600313186645507812e-02,2.397354125976562500e+01
1.600193977355957031e-02,8.529281616210937500e+01
1.614975929260253906e-02,9.805559539794921875e+01
1.986479759216308594e-02,6.474201660156250000e+02
1.600050926208496094e-02,2.298363281250000000e+03
2.001333236694335938e-02,6.724044799804687500e+02
2.006721496582031250e-02,9.980651245117187500e+02
1.600527763366699219e-02,-1.399339675903320312e+00
2.400755882263183594e-02,3.841417236328125000e+02
1.600885391235351562e-02,1.727924682617187500e+03
2.000617980957031250e-02,7.747304687500000000e+02
1.658892631530761719e-02,1.524132934570312500e+03
1.600003242492675781e-02,2.354434326171875000e+03
2.003693580627441406e-02,4.103772277832031250e+02
1.604795455932617188e-02,1.228268432617187500e+03
2.000045776367187500e-02,4.593702697753906250e+02
2.401995658874511719e-02,1.119871337890625000e+03
1.603126525878906250e-02,1.370063720703125000e+03
2.000117301940917969e-02,7.892723388671875000e+02
1.602840423583984375e-02,1.682790039062500000e+03
1.600050926208496094e-02,1.374558715820312500e+02
2.400875091552734375e-02,1.522156494140625000e+03
2.405333518981933594e-02,6.656886291503906250e+01
2.399921417236328125e-02,3.872769470214843750e+02
2.403068542480468750e-02,2.467804931640625000e+03
2.022981643676757812e-02,1.827782440185546875e+02
1.580882072448730469e-02,8.298934936523437500e+01
1.599979400634765625e-02,1.695563354492187500e+03
2.000427246093750000e-02,8.068807983398437500e+02
2.002811431884765625e-02,1.621576171875000000e+03
1.999735832214355469e-02,1.343949218750000000e+03
1.601052284240722656e-02,5.677061462402343750e+01
1.605153083801269531e-02,1.024680419921875000e+03
1.599955558776855469e-02,8.229298706054687500e+02
1.999664306640625000e-02,3.038292541503906250e+02
1.602506637573242188e-02,3.879492492675781250e+02
2.419400215148925781e-02,1.331400878906250000e+03
2.385711669921875000e-02,1.435961547851562500e+03
2.400064468383789062e-02,1.673366943359375000e+03
1.603579521179199219e-02,1.023188537597656250e+03
1.600575447082519531e-02,1.046148071289062500e+03
2.401113510131835938e-02,1.210163452148437500e+03
2.409553527832031250e-02,1.820971313476562500e+03
2.399992942810058594e-02,-6.071234893798828125e+01
2.398586273193359375e-02,-7.047883033752441406e+00
1.599931716918945312e-02,3.496523284912109375e+01
1.601123809814453125e-02,1.114941864013671875e+02
1.635813713073730469e-02,6.118401489257812500e+02
1.568508148193359375e-02,1.630811920166015625e+02
1.858687400817871094e-02,1.520377197265625000e+03
1.756572723388671875e-02,2.115570068359375000e+03
2.048015594482421875e-02,7.907739257812500000e+02
1.939678192138671875e-02,1.328769683837890625e+02
1.600003242492675781e-02,4.945842895507812500e+02
2.030277252197265625e-02,1.135309936523437500e+03
2.096104621887207031e-02,8.762358856201171875e+01
1.604938507080078125e-02,1.084472167968750000e+03
1.655268669128417969e-02,1.003264892578125000e+03
2.417802810668945312e-02,3.854987487792968750e+02
2.396130561828613281e-02,4.438939819335937500e+02
2.003264427185058594e-02,5.216457519531250000e+02
2.001166343688964844e-02,1.176845336914062500e+03
2.360105514526367188e-02,2.031018310546875000e+03
1.716709136962890625e-02,1.987425292968750000e+03
2.015995979309082031e-02,1.650776855468750000e+03
2.403855323791503906e-02,8.215699462890625000e+02
2.401328086853027344e-02,8.654185791015625000e+02
2.406358718872070312e-02,1.547853393554687500e+03
2.417421340942382812e-02,1.698295776367187500e+03
1.985788345336914062e-02,2.678834533691406250e+02
1.599597930908203125e-02,2.445627975463867188e+01
2.401423454284667969e-02,1.726788085937500000e+03
1.621770858764648438e-02,2.996100769042968750e+02
2.000117301940917969e-02,4.309262752532958984e+00
1.601791381835937500e-02,4.981755828857421875e+01
2.000880241394042969e-02,2.458241943359375000e+03
2.001810073852539062e-02,6.437804412841796875e+01
1.607465744018554688e-02,8.448134613037109375e+01
1.999998092651367188e-02,7.622965698242187500e+02
1.599907875061035156e-02,8.019029541015625000e+02
1.602363586425781250e-02,1.046140502929687500e+03
1.601147651672363281e-02,1.120787963867187500e+03
1.601791381835937500e-02,6.850079956054687500e+02
1.679730415344238281e-02,9.952232360839843750e+01
1.972198486328125000e-02,1.515027465820312500e+03
1.999998092651367188e-02,5.945460815429687500e+02
1.642131805419921875e-02,6.245202255249023438e+01
2.036023139953613281e-02,1.275714721679687500e+03
2.472782135009765625e-02,9.804388427734375000e+01
1.969790458679199219e-02,1.566513061523437500e+03
1.662969589233398438e-02,4.023828506469726562e+01
1.555109024047851562e-02,3.468257446289062500e+02
1.626539230346679688e-02,5.178029785156250000e+02
2.389478683471679688e-02,-3.770747184753417969e+00
1.601123809814453125e-02,2.694233642578125000e+03
2.399754524230957031e-02,4.208462219238281250e+02
2.803158760070800781e-02,6.198668212890625000e+02
2.399873733520507812e-02,5.594252777099609375e+01
2.405691146850585938e-02,3.348497314453125000e+03
2.399992942810058594e-02,5.604041137695312500e+02
2.403116226196289062e-02,1.254205131530761719e+01
1.999926567077636719e-02,2.248646087646484375e+02
1.201009750366210938e-02,0.000000000000000000e+00
1.654529571533203125e-02,1.442634643554687500e+03
1.600027084350585938e-02,6.729048156738281250e+01
2.002120018005371094e-02,2.216791503906250000e+03
2.000308036804199219e-02,1.807424682617187500e+03
1.601481437683105469e-02,3.542262649536132812e+01
2.243995666503906250e-02,7.421369018554687500e+02
1.802206039428710938e-02,9.563401031494140625e+01
1.599931716918945312e-02,2.071013488769531250e+02
1.638746261596679688e-02,3.404229736328125000e+02
1.601505279541015625e-02,1.701675170898437500e+03
2.001571655273437500e-02,3.925344543457031250e+02
2.404689788818359375e-02,1.577510986328125000e+03
1.600098609924316406e-02,2.804199218750000000e+02
2.000164985656738281e-02,4.851588821411132812e+01
2.003169059753417969e-02,9.754301452636718750e+01
1.600742340087890625e-02,4.222580718994140625e+01
1.603960990905761719e-02,1.161288330078125000e+03
1.601052284240722656e-02,4.209967041015625000e+02
1.619791984558105469e-02,9.193049926757812500e+02
2.382659912109375000e-02,3.645333251953125000e+02
2.458620071411132812e-02,2.132668457031250000e+03
2.358102798461914062e-02,1.272060546875000000e+03
2.400064468383789062e-02,1.208712768554687500e+02
2.401733398437500000e-02,1.221423461914062500e+03
2.001214027404785156e-02,5.747286987304687500e+02
1.601481437683105469e-02,2.104851226806640625e+02
1.607155799865722656e-02,7.783672485351562500e+02
1.603794097900390625e-02,1.176847656250000000e+03
1.608443260192871094e-02,1.335490600585937500e+03
1.591444015502929688e-02,6.060503540039062500e+02
1.999688148498535156e-02,3.495417785644531250e+01
2.405810356140136719e-02,1.035313873291015625e+02
2.800941467285156250e-02,1.156492187500000000e+03
2.013158798217773438e-02,1.664553588867187500e+03
1.600289344787597656e-02,1.341516723632812500e+03
1.999711990356445312e-02,1.566276855468750000e+02
1.603507995605468750e-02,6.257864990234375000e+02
1.604080200195312500e-02,2.483648071289062500e+02
2.421498298645019531e-02,1.423171844482421875e+02
1.581430435180664062e-02,8.684443969726562500e+02
1.599621772766113281e-02,1.177961578369140625e+02
1.607871055603027344e-02,1.635141601562500000e+02
2.760696411132812500e-02,3.454628906250000000e+02
1.600074768066406250e-02,1.218291381835937500e+03
1.601672172546386719e-02,1.441459716796875000e+03
2.001094818115234375e-02,1.673099365234375000e+03
1.599979400634765625e-02,1.156260986328125000e+03
1.652789115905761719e-02,1.878833618164062500e+03
1.583957672119140625e-02,8.154805297851562500e+02
1.969647407531738281e-02,2.028400878906250000e+03
1.744675636291503906e-02,8.665791320800781250e+01
1.232314109802246094e-02,1.123640991210937500e+03
2.009248733520507812e-02,1.819321655273437500e+03
1.966762542724609375e-02,-4.137805938720703125e+01
1.599645614624023438e-02,1.303463256835937500e+03
2.399802207946777344e-02,1.285712890625000000e+03
2.007102966308593750e-02,7.894428100585937500e+02
1.996231079101562500e-02,1.043667236328125000e+03
2.076506614685058594e-02,1.218635864257812500e+03
1.631689071655273438e-02,1.479770751953125000e+03
1.568293571472167969e-02,3.430823059082031250e+02
1.601719856262207031e-02,1.021455627441406250e+03
2.400970458984375000e-02,1.358580566406250000e+03
2.253985404968261719e-02,9.562433471679687500e+02
1.752948760986328125e-02,1.458538513183593750e+02
2.013635635375976562e-02,1.179082397460937500e+03
1.989102363586425781e-02,1.661409423828125000e+03
