-1.224728739396212518e+02,4.099346521954056755e+01
-1.201724435412903773e+02,3.775056855940245271e+01
-1.170849601612060837e+02,3.562541389157777161e+01
-1.237371463283113968e+02,4.063126975362418847e+01
-1.208799908926573465e+02,4.152440243779945206e+01
-1.186396553424016247e+02,3.712843813218614031e+01
-1.200554575073351060e+02,3.545353137531629528e+01
-1.197834615660465403e+02,3.594647075151797821e+01
-1.214132524052734681e+02,3.659246083420358531e+01
-1.186843811938155397e+02,3.565407078342249747e+01
-1.211121137082288897e+02,4.064346043221971883e+01
-1.209070250363563872e+02,3.725658748680341148e+01
-1.204786367871926274e+02,3.999739376225091547e+01
-1.228616409671297305e+02,3.928660364336330701e+01
-1.170475024325642437e+02,3.434838220467094771e+01
-1.162634274056049151e+02,3.331557996050958081e+01
-1.175595953812418628e+02,3.436187060064941079e+01
-1.218599683796409181e+02,3.858770505653326666e+01
-1.210819127969514000e+02,4.092732680931430878e+01
-1.224646714356463093e+02,4.033094221501244903e+01
-1.203271800089551959e+02,3.612362788127503421e+01
-1.239756619733774698e+02,4.149250932849349027e+01
-1.155148120019375426e+02,3.303052102073334595e+01
-1.157801710240377133e+02,3.462401470195708697e+01
-1.201765569080339588e+02,3.637773373566741242e+01
-1.159651698598292171e+02,3.510205147795382175e+01
-1.200788928572389267e+02,3.750759454635770851e+01
-1.147262159588302666e+02,3.290026533687198906e+01
-1.215254419295312545e+02,3.610268816022067284e+01
-1.205601063370326500e+02,3.862633332641306083e+01
-1.228664107311761171e+02,4.075459646115712076e+01
-1.165382463639846833e+02,3.596299009431722027e+01
-1.235724468410255525e+02,4.079921259417724855e+01
-1.205989734304593810e+02,3.813302650083460321e+01
-1.159099110553893865e+02,3.410386139817693163e+01
-1.223704711787738972e+02,3.965970652048387279e+01
-1.210854837159093336e+02,3.585063079761835780e+01
-1.165005385098244659e+02,3.461301262113590838e+01
-1.154992525642537089e+02,3.297819053584321836e+01
-1.225544996186244475e+02,3.921571093085091775e+01
-1.208528476797518607e+02,4.120395836033900849e+01
-1.224717797477432555e+02,3.837195361700215557e+01
-1.177590028479158661e+02,3.632394769772799492e+01
-1.187573202384256206e+02,3.480722974957163274e+01
-1.193659801339828448e+02,3.670733368781142758e+01
-1.214825078715450388e+02,3.679576895318928820e+01
-1.186320442421651933e+02,3.483822177072023862e+01
-1.156827850362985828e+02,3.273475566960895122e+01
-1.199306069075155960e+02,3.820618430378111441e+01
-1.218836015379384889e+02,3.732463052274006543e+01
-1.163817785425686822e+02,3.542471579607386190e+01
-1.162673431123633492e+02,3.274024536890263448e+01
-1.163663746707304654e+02,3.500921886042607412e+01
-1.170857762175629517e+02,3.558419247866272883e+01
-1.185912197934030985e+02,3.510804042460537033e+01
-1.231507756725586518e+02,4.101555607389614266e+01
-1.183906357158607534e+02,3.744918309153415947e+01
-1.214805269224039392e+02,3.838901312105434016e+01
-1.158277075481825875e+02,3.442382867059475871e+01
-1.180312262497088653e+02,3.417871336350634692e+01
-1.175700673720504454e+02,3.367529793876691713e+01
-1.224106464279663697e+02,4.044080176494223622e+01
-1.194390876906346790e+02,3.663326594703490002e+01
-1.166393109456347190e+02,3.357770213283745164e+01
-1.229038460863104234e+02,3.965600586561940588e+01
-1.228890459979544687e+02,4.144015654378564761e+01
-1.208376201557636165e+02,4.093236171743919272e+01
-1.203975962412950338e+02,3.711333282222761909e+01
-1.208684096662185823e+02,3.562649508741891680e+01
-1.203585003739509602e+02,3.649681666000034141e+01
-1.180921142897432787e+02,3.456287122953258972e+01
-1.170324405300340516e+02,3.403548207825070193e+01
-1.209120556200148826e+02,3.643721534145404206e+01
-1.209262228801010508e+02,4.016311518726825369e+01
-1.218908252055503709e+02,4.082233918777149029e+01
-1.161138624331184417e+02,3.363156829958845151e+01
-1.148045326597698477e+02,3.299904678488898213e+01
-1.154872278795182723e+02,3.411768213237794356e+01
-1.189018400521349577e+02,3.796048548285767055e+01
-1.178865274794119387e+02,3.379292845823719205e+01
-1.193498203879508708e+02,3.633364879548685877e+01
-1.156312657344002304e+02,3.295477959253003775e+01
-1.155299191566227250e+02,3.512044222174876040e+01
-1.208975342669969990e+02,4.183971503958080973e+01
-1.228659788369506458e+02,3.968140250335531505e+01
-1.174503171546309375e+02,3.529347224185470111e+01
-1.204160346124967305e+02,4.158443384107654595e+01
-1.212344217973911640e+02,3.881404351461684854e+01
-1.199606868840023850e+02,3.665984063045084440e+01
-1.185025805050257190e+02,3.735228247520763745e+01
-1.175238538581598391e+02,3.608260574730371673e+01
-1.188614102057655941e+02,3.666092806774742741e+01
-1.147466741175476983e+02,3.447808267962368234e+01
-1.197714507154473438e+02,3.713587905275431211e+01
-1.190155202872106770e+02,3.560028698534193836e+01
-1.192543463618777650e+02,3.478092110439123985e+01
-1.214240796508696292e+02,3.752120116029810504e+01
-1.148250155201658629e+02,3.358477345787624557e+01
-1.201320874213950134e+02,3.976689934504260293e+01
-1.192834360039850878e+02,3.602935462603030459e+01
-1.209392095179037057e+02,3.892377295315109365e+01
-1.203323131549073679e+02,4.029811945087702441e+01
-1.217615591182131283e+02,3.687750000210392898e+01
-1.233633001964472982e+02,4.032097528837769573e+01
-1.201215418775436632e+02,3.531932437765605926e+01
-1.225594921194283700e+02,4.078301848305609667e+01
-1.231440910913944151e+02,4.137739967602905011e+01
-1.229256774156443868e+02,4.112100961033277713e+01
-1.204647731561213959e+02,4.146166048316496244e+01
-1.219401123663704851e+02,3.923699954925692879e+01
-1.214809643866061890e+02,3.662467723631193195e+01
-1.168334632782176357e+02,3.480202215595818416e+01
-1.153903626793951105e+02,3.460527759872606168e+01
-1.160613811060565013e+02,3.581674057661440713e+01
-1.177971628871381711e+02,3.510775353442379298e+01
-1.182051736251355720e+02,3.712207321749713884e+01
-1.204300710486832600e+02,3.814133708393542577e+01
-1.214484251141565352e+02,3.848747539787802197e+01
-1.168155880734672252e+02,3.298068714907279997e+01
-1.168263543392630197e+02,3.558530949951741462e+01
-1.172363920186731576e+02,3.541424163069061848e+01
-1.204203332716949149e+02,3.735208016591403890e+01
-1.227515748167090521e+02,3.858024773683143138e+01
-1.202965783568928373e+02,3.746153159043613101e+01
-1.227974887929383385e+02,3.881833528229437036e+01
-1.158206205750371538e+02,3.398981007807336852e+01
-1.216646248585658725e+02,4.053648042679830610e+01
-1.176066976502713715e+02,3.665377739369643706e+01
-1.168792801660752616e+02,3.635410894901538370e+01
-1.150379350243597116e+02,3.521340740582814988e+01
-1.191975893205116108e+02,3.810285942791949054e+01
-1.180299742387167470e+02,3.431463673704040929e+01
-1.193878955009810312e+02,3.689721397737712749e+01
-1.205652391552441003e+02,4.017074748985584876e+01
-1.234744318103851555e+02,3.894687938028755525e+01
-1.233947866972913232e+02,4.134110903878519849e+01
-1.205409137292297572e+02,3.800308730698117188e+01
-1.201787857875579988e+02,3.904391279538121751e+01
-1.185044018315954588e+02,3.582018900477601164e+01
-1.213021259841887058e+02,3.756205141406316983e+01
-1.236642699937688974e+02,3.955211415670680708e+01
-1.187507942628141535e+02,3.558255037953366440e+01
-1.231178947870745333e+02,3.977352251726240695e+01
-1.191673791190194578e+02,3.578930940447468600e+01
-1.174454807037511301e+02,3.610186366588499141e+01
-1.156882242400266563e+02,3.457704333810663400e+01
-1.161828126754332686e+02,3.485216343379188686e+01
-1.210432216808331702e+02,3.767737926281797911e+01
-1.204584962503016783e+02,3.687116690873199332e+01
-1.219232051413070224e+02,4.035979772103447516e+01
-1.215544154219524842e+02,4.061099431904159474e+01
-1.218155314141120300e+02,3.964340405300318793e+01
-1.222700797633141292e+02,3.861332875081061644e+01
-1.158957524597893780e+02,3.449838003093485383e+01
-1.203580839974965357e+02,3.769659006556257452e+01
-1.228713241872637241e+02,3.862058130132263045e+01
-1.208563691962630742e+02,4.126125807257423617e+01
-1.207696570510768908e+02,3.653586002362234808e+01
-1.220691111604536729e+02,4.125247488995137246e+01
-1.177367033449472871e+02,3.364072103555052706e+01
-1.199644825746218970e+02,3.854561044465248187e+01
-1.189518801140747399e+02,3.486922559732318661e+01
-1.184199940166243579e+02,3.402695647312527427e+01
-1.181608428963637323e+02,3.705625453315723661e+01
-1.202561564392803461e+02,3.985600392011833293e+01
-1.211906124453716274e+02,3.658073534802467464e+01
-1.148350583084496463e+02,3.403209583834343732e+01
-1.197989350536549154e+02,3.750641716646247659e+01
-1.220536822385489586e+02,4.125022845097132773e+01
-1.230874538415602046e+02,4.110938001818031751e+01
-1.157945494689835613e+02,3.394989828169565271e+01
-1.143674215585112819e+02,3.442404960747678899e+01
-1.204155388110452947e+02,4.150962477266015327e+01
-1.220547001746727744e+02,3.720646114804835491e+01
-1.216091891186296579e+02,3.789829708016255694e+01
-1.195459706419551651e+02,3.563307711150660140e+01
-1.163450858149513749e+02,3.300302852105886586e+01
-1.177537211310746983e+02,3.468295567124599899e+01
-1.241084800098462466e+02,4.053267535582149605e+01
-1.199466022314127116e+02,3.675517731163050428e+01
-1.188818696305112752e+02,3.463160145447439930e+01
-1.177182525836714291e+02,3.451822017540622767e+01
-1.237685883205798092e+02,4.027254529382859971e+01
-1.183138784993339954e+02,3.488811179722334543e+01
-1.200900403412536690e+02,3.560369471152392862e+01
-1.196343351580394199e+02,3.534151316828155132e+01
-1.191881513919142037e+02,3.811490752169479634e+01
-1.202147276919458818e+02,3.653544632631692224e+01
-1.225926544725296452e+02,3.940368003693098586e+01
-1.205794681886246735e+02,3.824987488399636959e+01
-1.200853241936650164e+02,3.661259309464972489e+01
-1.221930189090634116e+02,3.818801770794391359e+01
-1.171733843953618930e+02,3.384692064568885428e+01
-1.208966115209923515e+02,3.856586618356585916e+01
-1.239501420082366678e+02,4.119812878131710931e+01
-1.203608854534537329e+02,3.690438679840325165e+01
-1.194592379189803779e+02,3.510035271158051984e+01
-1.155142253411908797e+02,3.510153997414965232e+01
-1.203081558321021163e+02,3.646890088019863896e+01
-1.217196092120946957e+02,4.176846928178686369e+01
-1.202258800340338070e+02,3.453213457832485034e+01
-1.176266651797427727e+02,3.404456073262716842e+01
-1.216851840432852612e+02,3.791191107075539435e+01
-1.180204445620158680e+02,3.681020160273909880e+01
-1.204275945551207911e+02,3.594392398899485386e+01
-1.156857337616368540e+02,3.329298166672541015e+01
-1.225140116075116765e+02,3.865518643469369664e+01
-1.220333960790017187e+02,3.797099475605483576e+01
-1.218386946871660115e+02,4.119502657526130918e+01
-1.186965981266179568e+02,3.688793400729021243e+01
-1.202301608202708962e+02,3.806032732212012348e+01
-1.160897076249226672e+02,3.554200966019500640e+01
-1.222723369459242804e+02,4.117513052036714782e+01
-1.154487822084919202e+02,3.401232919595445026e+01
-1.158193235289366214e+02,3.510759519430830267e+01
-1.202854797144405126e+02,3.881614652750640460e+01
-1.226573633426846470e+02,3.859164747334062184e+01
-1.216323818831348120e+02,4.069474577983478980e+01
-1.182194047475632033e+02,3.654097461772227007e+01
-1.182714654101742866e+02,3.517913679966438423e+01
-1.162370304826844745e+02,3.440963604782217544e+01
-1.220320512356763771e+02,4.092950895241686027e+01
-1.229554134525820501e+02,4.011041135085203990e+01
-1.235740743397334285e+02,3.911684727491294211e+01
-1.208595015215241091e+02,4.062454346384081560e+01
-1.188614394478596950e+02,3.692071601872597597e+01
-1.179018570506877523e+02,3.410890842295367520e+01
-1.162200783238035342e+02,3.291029572576052686e+01
-1.203420977848897735e+02,3.698773579562082858e+01
-1.168719556949434946e+02,3.467293488860946837e+01
-1.203646559331098587e+02,4.163794538211867291e+01
-1.225669487697622202e+02,4.053082320231111879e+01
-1.167588380944761610e+02,3.528802900236050277e+01
-1.207006706891093728e+02,4.156309730021627757e+01
-1.207349478538584151e+02,3.725042112037171904e+01
-1.214875181790397676e+02,3.956215757063177563e+01
-1.227130846058109341e+02,3.935502290368681599e+01
-1.195350039781305469e+02,3.655584490261613695e+01
-1.195313415344362653e+02,3.729290364055099616e+01
-1.197267078861724485e+02,3.615825287329227677e+01
-1.155734547218804096e+02,3.495618434722308621e+01
-1.231892767497500358e+02,3.897714566249093338e+01
-1.211836328478384388e+02,4.144013146580819296e+01
-1.150028523888445875e+02,3.469136217811738732e+01
-1.193797453710614889e+02,3.616390482182367094e+01
-1.204114504952265463e+02,3.981548794761307875e+01
-1.189943248191152207e+02,3.561111692613906854e+01
-1.153266727727519196e+02,3.464812798344316747e+01
-1.214971465931613182e+02,3.789808305018166834e+01
-1.222506131175716746e+02,3.748627955453524407e+01
-1.217374475126705420e+02,3.983713064905236934e+01
-1.194599624494510266e+02,3.767166553075273328e+01
-1.225135291958366821e+02,3.793001253360896641e+01
-1.230132377062600852e+02,3.850029291294470823e+01
-1.221451381019930409e+02,4.152170877196294896e+01
-1.177432275973336004e+02,3.542328954172528910e+01
-1.236956748396360126e+02,4.048183038549373691e+01
-1.234058767487407238e+02,4.191995233912027885e+01
-1.196368167208299127e+02,3.600975176780871578e+01
-1.204361537436424499e+02,3.901200516248825778e+01
-1.165588198368457427e+02,3.599118092145285885e+01
-1.212587196335618245e+02,3.996212863425869699e+01
-1.208383489839633000e+02,3.723602091004877224e+01
-1.189760435669097376e+02,3.754179278588664914e+01
-1.233539068548494697e+02,4.171008565198378193e+01
-1.179145620130241952e+02,3.398222519417689824e+01
-1.166012945617696772e+02,3.605099653052165110e+01
-1.224088138676146116e+02,3.835947983763381330e+01
-1.172964040856605124e+02,3.438680035188170336e+01
-1.217021118701296558e+02,4.049016668290212806e+01
-1.211345338009430463e+02,3.826427679754001332e+01
-1.201251625361788768e+02,3.642553430943656423e+01
-1.211289930752144812e+02,4.061959705627564432e+01
-1.224032715256608270e+02,4.141316743106428078e+01
-1.148593770658464450e+02,3.480440409396835832e+01
-1.226489470497935059e+02,4.158403804863490905e+01
-1.204902489349037182e+02,3.527213569530211856e+01
-1.201331976184907688e+02,4.001659803156749717e+01
-1.179183626671289744e+02,3.380356164219446669e+01
-1.201935427580830549e+02,3.872183345284406641e+01
-1.155840139304215057e+02,3.357861074332132745e+01
-1.207725436568649116e+02,3.545086929857050251e+01
-1.200629053417191727e+02,3.480269989310353651e+01
-1.233317059787203078e+02,4.026662768955438310e+01
-1.153579847711561683e+02,3.506810256274327031e+01
-1.226126775042293247e+02,3.933328361694286457e+01
-1.166191718324648150e+02,3.476410620051344580e+01
-1.214618362505690783e+02,3.782036283539321175e+01
-1.230677953382644887e+02,3.993812349387663829e+01
-1.153546596691364243e+02,3.305541949706289273e+01
-1.211687897634428026e+02,4.004763400022333997e+01
-1.183657656864774452e+02,3.635154464775962424e+01
-1.188507048314269809e+02,3.765711198416838101e+01
-1.196110194262474948e+02,3.603528705287956058e+01
-1.177572337881241964e+02,3.606337113901901859e+01
-1.210361009717783531e+02,3.588668975608868550e+01
-1.233834535893408315e+02,4.136946522702820062e+01
-1.150455710473537039e+02,3.497892939696043157e+01
-1.172804362401060274e+02,3.491316881727919963e+01
-1.225927862300451210e+02,4.113334409192638930e+01
-1.164486388898613001e+02,3.478442730696163920e+01
-1.214249779837200265e+02,4.062419089862244448e+01
-1.165349410354521069e+02,3.358879960430117251e+01
-1.152322242817033526e+02,3.315247856559682305e+01
-1.205262914729807306e+02,4.036119803579381937e+01
-1.187452049834493977e+02,3.448230292014194021e+01
-1.151876163387679526e+02,3.419603061598211013e+01
-1.163712485631010622e+02,3.456879648372322578e+01
-1.204535583029457229e+02,3.672368294544818923e+01
-1.173977076272713163e+02,3.488782553410570841e+01
-1.193102163772992981e+02,3.659787477320509197e+01
-1.216949336171448550e+02,4.169540121874034355e+01
-1.188750752065844551e+02,3.607120079051756534e+01
-1.162356918359086251e+02,3.591808486330349126e+01
-1.165725649732010112e+02,3.272508703499230620e+01
-1.214894841114798538e+02,4.043656242522038013e+01
-1.180307332293022284e+02,3.424413907184128902e+01
-1.199112628187497904e+02,3.642725969728103053e+01
-1.145291339108364355e+02,3.450905180306884290e+01
-1.205555081552402470e+02,4.152160842399398177e+01
-1.208438819113472533e+02,3.728581759226604220e+01
-1.217089939725095320e+02,3.758530728554162437e+01
-1.147474317586052877e+02,3.492896447424683259e+01
-1.225499923860888885e+02,3.853479993891966870e+01
-1.169295535087706526e+02,3.654816506537581233e+01
-1.203126621816829385e+02,3.739609651940364898e+01
-1.174834818503801444e+02,3.682567906173548522e+01
-1.203851947994800184e+02,3.894284342886103190e+01
-1.206868961980659378e+02,3.834418565089095665e+01
-1.196834473788538844e+02,3.785838455083536758e+01
-1.215971130430822171e+02,3.913738183378984559e+01
-1.166254943642067019e+02,3.421051965222760316e+01
-1.217902714125800685e+02,4.002300182822805397e+01
-1.189896992312616248e+02,3.565480536296034586e+01
-1.151651532365320065e+02,3.379311133353227348e+01
-1.194370348106374138e+02,3.551448323588545009e+01
-1.199516268342985370e+02,3.712827295385199733e+01
-1.170030343547620504e+02,3.498927297785911605e+01
-1.153376900237812066e+02,3.381023174298462664e+01
-1.177871693124176460e+02,3.501514236914205469e+01
-1.176446955065734699e+02,3.565857881416910402e+01
-1.165512136082396921e+02,3.625059398140508904e+01
-1.204251963861266859e+02,3.845494497769349351e+01
-1.188088424287024338e+02,3.449967756580962686e+01
-1.222342311484601822e+02,3.939179060549721356e+01
-1.227271333493470422e+02,4.049760001456322556e+01
-1.231344831999206235e+02,3.888171876083156064e+01
-1.147924622490446325e+02,3.366449575765224012e+01
-1.223621717982763926e+02,3.939438561394402427e+01
-1.165655774386065815e+02,3.263551167447071322e+01
-1.218386295797960486e+02,3.904196319276007188e+01
-1.166900349215729449e+02,3.367627633663793318e+01
-1.220634964057531562e+02,4.191649635579535271e+01
-1.214028428375144273e+02,3.870346518350790888e+01
-1.175479049761441672e+02,3.382860462747586183e+01
-1.181183829816497024e+02,3.702978817102399489e+01
-1.150312553794819479e+02,3.440648500352598660e+01
-1.188716690832049636e+02,3.641003874701313947e+01
-1.215874092732400271e+02,3.864248557553553098e+01
-1.225486179395053625e+02,3.812903220774696678e+01
-1.189733205172696131e+02,3.475543282985440641e+01
-1.201716080452894033e+02,3.957469640238826969e+01
-1.170066074261524136e+02,3.513327542080360644e+01
-1.181847250901778494e+02,3.428807613130408782e+01
-1.162810634155735698e+02,3.263495426462205273e+01
-1.181871965070101851e+02,3.619160037470784630e+01
-1.192680909305432095e+02,3.570664720389282110e+01
-1.153585635959504714e+02,3.495526194089222116e+01
-1.212901137151743001e+02,3.701771953264373849e+01
-1.186409472414260051e+02,3.461866785945725411e+01
-1.215889948031291681e+02,3.993288911937227681e+01
-1.148179196246096296e+02,3.491457279032002248e+01
-1.194840454344856226e+02,3.799525759819024984e+01
-1.205695937021691577e+02,3.629955721057940821e+01
-1.223084993457609215e+02,3.849212602003977679e+01
-1.204993661226046839e+02,3.924436739619563497e+01
-1.165025451049172034e+02,3.307113462137987625e+01
-1.207398273314712185e+02,3.997899026569370307e+01
-1.177560323732250964e+02,3.478207683417810614e+01
-1.209704912824550291e+02,3.898856632971828162e+01
-1.193480019949236208e+02,3.533661523717995578e+01
-1.210043386675506554e+02,3.849394506792862103e+01
-1.172295001384155171e+02,3.587216619703998077e+01
-1.200105040183535010e+02,3.478949322620329099e+01
-1.202435539834882974e+02,4.158974069503602067e+01
-1.199365495427145873e+02,3.763007556338398985e+01
-1.151690768781137564e+02,3.308379171534457441e+01
-1.208947182389474762e+02,4.003848323298798562e+01
-1.175336729592529537e+02,3.582514932673116448e+01
-1.193193867033566988e+02,3.463620871150813940e+01
-1.219042530095594259e+02,3.732225102112329296e+01
-1.238356986477435129e+02,4.163585813960294502e+01
-1.232829789791527304e+02,4.095768169469490516e+01
-1.181059366368383081e+02,3.485971092273253191e+01
-1.229263797033209897e+02,3.848386346781303757e+01
-1.202286524010196871e+02,3.637599090393936052e+01
-1.217818681292117304e+02,4.076014918728402137e+01
-1.175847941946611854e+02,3.572588105164036421e+01
-1.197568346042886560e+02,3.622738908225858268e+01
-1.170779184340874650e+02,3.379050053687784327e+01
-1.205788601118735670e+02,3.959016346248231599e+01
-1.219929292114399999e+02,4.165825831816673031e+01
-1.161103861752211088e+02,3.425012255607422418e+01
-1.223173766386780130e+02,3.954112820381868687e+01
-1.204445815505037700e+02,4.028249255437418697e+01
-1.210055109204695043e+02,3.974388683390476729e+01
-1.174249369090032218e+02,3.638129074401687291e+01
-1.220920939001160548e+02,3.923204811666629865e+01
-1.182600878208288009e+02,3.697828426621286013e+01
-1.205827477984685459e+02,3.814028534710466545e+01
-1.233908511809301132e+02,3.994604059426810494e+01
-1.205519794177496493e+02,3.822329270722814698e+01
-1.164917474576739664e+02,3.272506458961503029e+01
-1.171414721133333785e+02,3.502205087214311163e+01
-1.205316864965800079e+02,4.190247633635879509e+01
-1.204694373980731541e+02,4.046048611889257529e+01
-1.212585361287171821e+02,3.666559621801116009e+01
-1.214159740677252728e+02,4.022543998540920995e+01
-1.194089432244283699e+02,3.643625316792429203e+01
-1.199076226120168087e+02,3.711387728984123413e+01
-1.228892572138251751e+02,4.029868924576715017e+01
-1.231605484115983984e+02,3.927903542354741262e+01
-1.201310915613158699e+02,4.019412092884684284e+01
-1.170899827143549317e+02,3.628986998932281693e+01
-1.221241272892367391e+02,4.043721350049981567e+01
-1.191144620629061848e+02,3.509525246641144491e+01
-1.204376410315365575e+02,3.575584424084041757e+01
-1.222700043827105674e+02,3.772628814240466966e+01
-1.167105590282762222e+02,3.338499381502596464e+01
-1.150601679800087425e+02,3.390908892610337944e+01
-1.215526433780142384e+02,3.867781358730498198e+01
-1.222752071060597387e+02,3.791973272146647389e+01
-1.208455603285068918e+02,4.061238002837321659e+01
-1.166775783332775092e+02,3.281891545023645307e+01
-1.156892422783548398e+02,3.531177732213006237e+01
-1.238483490743785893e+02,4.147277763257373806e+01
-1.159979672351980753e+02,3.566496274003215206e+01
-1.240965329037430251e+02,4.041529344723836203e+01
-1.206312426939695825e+02,4.151358526276065675e+01
-1.161195283191249104e+02,3.293008664245554229e+01
-1.173748778183439896e+02,3.520157759241352124e+01
-1.154841888530749827e+02,3.501657289355485858e+01
-1.233646670182438498e+02,4.027403127378816805e+01
-1.222391610094566943e+02,3.767783594053830143e+01
-1.216666059398521043e+02,3.891102936074003082e+01
-1.216081501018548749e+02,3.900342910091631410e+01
-1.233811222244954422e+02,4.104546410384065780e+01
-1.216562092339029419e+02,3.951630092748182932e+01
-1.223308846863377255e+02,4.104781792959951758e+01
-1.205165637579851534e+02,3.819946448482566836e+01
-1.186835319848953532e+02,3.518557675854950162e+01
-1.168658375190530734e+02,3.640735557543894885e+01
-1.161412829199318963e+02,3.425298060353993890e+01
-1.190822839130489115e+02,3.759967270761779190e+01
-1.206414589140655664e+02,3.809982745162186291e+01
-1.167220476828869948e+02,3.340932926017826077e+01
-1.200357053939767553e+02,3.536835684074797825e+01
-1.212538158187450676e+02,4.159268553886876418e+01
-1.207051771436265000e+02,3.819788347628666969e+01
-1.203934703065812784e+02,3.753096233348399835e+01
-1.174208254640199272e+02,3.468677153105760169e+01
-1.192250801198610475e+02,3.464569812101150603e+01
-1.181555730307166669e+02,3.693982199443386349e+01
-1.184363141882527231e+02,3.504059727435472382e+01
-1.163676312915732183e+02,3.524605342637089223e+01
-1.206871418101143689e+02,4.172873163909068239e+01
-1.210734540427501145e+02,3.988582353018351512e+01
-1.232119825218373421e+02,3.971525488715208496e+01
-1.202704080772049053e+02,3.525843544286124853e+01
-1.211285169271482971e+02,3.703284689076863145e+01
-1.200565992393637345e+02,3.544514613391876168e+01
-1.206849421365217836e+02,3.743859609164868374e+01
-1.201786153910496751e+02,3.740303623852153692e+01
-1.216079638009526604e+02,3.673890310578926943e+01
-1.208301878776618423e+02,3.975422414606301658e+01
-1.153451529433155685e+02,3.280062549565023033e+01
-1.184551485068091807e+02,3.694861009699458521e+01
-1.176971816026564710e+02,3.395720172180334373e+01
-1.192654911610967901e+02,3.654250084458928427e+01
-1.206342004240321444e+02,3.688443085569807778e+01
-1.164530674033966875e+02,3.380749040898540159e+01
-1.165817830602706664e+02,3.260566893606343086e+01
-1.204736237164935631e+02,3.524513262453378815e+01
-1.188124470260217294e+02,3.678185200625424756e+01
-1.170718876221598066e+02,3.565191769411686096e+01
-1.212741418664502788e+02,3.756010268575066391e+01
-1.144045883026457773e+02,3.411286019848400031e+01
-1.176868936862253889e+02,3.385245988123681826e+01
-1.210848936946332515e+02,3.779435152639123885e+01
-1.215969605060304559e+02,4.059167299694976805e+01
-1.234834452361184560e+02,4.132474247781105703e+01
-1.158737200305862700e+02,3.386462184831972166e+01
-1.204364888600056815e+02,3.474006660074415009e+01
-1.215629715466992025e+02,3.770406779208359893e+01
-1.220964047316919334e+02,4.160502661389572410e+01
-1.195918104532640598e+02,3.746618517976286711e+01
-1.238008457795161661e+02,4.098838714090569368e+01
-1.220705446660149960e+02,3.834615528250969163e+01
-1.222533140396372318e+02,4.185390267262773989e+01
-1.216495316181146507e+02,3.964263571014215870e+01
-1.182530465467061873e+02,3.507296135080103028e+01
-1.199837773159815129e+02,3.683635900497442606e+01
-1.205441968772221628e+02,4.141020703150248039e+01
-1.183879858002361658e+02,3.513309027617815161e+01
-1.219509944520230533e+02,4.141300438650245042e+01
-1.185685326246617706e+02,3.763065856523320463e+01
-1.192670030407121828e+02,3.668372101489536163e+01
-1.195699291484356905e+02,3.598038540408722241e+01
-1.195824651231768883e+02,3.717747491989190678e+01
-1.207867557453125045e+02,3.900520396174484716e+01
-1.201432100278689035e+02,3.868466159993599263e+01
-1.231888687748424758e+02,3.867306073526898302e+01
-1.189961845393398505e+02,3.643357456300600461e+01
-1.203740999342093545e+02,4.053769748949595453e+01
-1.211572733126950112e+02,4.006842503980281833e+01
-1.216151747945773565e+02,3.651091441599776743e+01
-1.209159947530810797e+02,3.628755248140251410e+01
-1.207729723964884272e+02,3.908235591170085854e+01
-1.201010591780019894e+02,3.750704736141554463e+01
-1.196583114764278690e+02,3.690365262089114395e+01
-1.174436982962421609e+02,3.696111342875634165e+01
-1.219032135048440892e+02,3.726463938438106283e+01
-1.207790396496118746e+02,3.574534913680082582e+01
-1.169620190785344533e+02,3.604965517517388918e+01
-1.190829099471660868e+02,3.651325515693496016e+01
-1.211207123097182432e+02,4.115748742711841857e+01
-1.153239804128848789e+02,3.504441837160732121e+01
-1.202797017069467103e+02,4.083625426938187530e+01
-1.219752374946991296e+02,4.054116649006058992e+01
-1.173653602051704041e+02,3.410068201717484726e+01
-1.172634692754987640e+02,3.463970386092799458e+01
-1.148286953342950909e+02,3.415242425904471446e+01
-1.176081847456784573e+02,3.580901874082108094e+01
-1.189050933477646907e+02,3.534484464782919844e+01
-1.197471743872741570e+02,3.786834186685958770e+01
-1.210250367797208639e+02,3.653931378232938698e+01
-1.195397271483281827e+02,3.795821683424200188e+01
-1.180744471731273961e+02,3.446260501774415275e+01
-1.172428201779572277e+02,3.617762734976564332e+01
-1.204379567584007305e+02,3.862290965235353468e+01
-1.183263112166737585e+02,3.701745405897439412e+01
-1.208058057286554430e+02,4.001156300866423265e+01
-1.215839185695742799e+02,3.952585557418298379e+01
-1.205790422014770371e+02,3.580957528846695936e+01
-1.168416844591184827e+02,3.328229528722224018e+01
-1.153019965106230131e+02,3.304493681889435663e+01
-1.182338846966260348e+02,3.667695760185809206e+01
-1.169101138187838416e+02,3.613991917675709686e+01
-1.209426430142782607e+02,4.088073767040100392e+01
-1.164152818315524627e+02,3.402818727744484306e+01
-1.170588936713542978e+02,3.546014484647966469e+01
-1.186968717917689276e+02,3.647094760876018427e+01
-1.202390778132495939e+02,3.650511302454074780e+01
-1.211357263049122821e+02,3.597733242946186749e+01
-1.167828011791614244e+02,3.463491374836110737e+01
-1.234686956383866061e+02,3.915768806353973730e+01
-1.185628654508928008e+02,3.756221518350459121e+01
-1.208408851653127414e+02,3.723674997777772688e+01
-1.219696636544746440e+02,3.835720056285884283e+01
-1.185416058793711898e+02,3.689035974255685346e+01
-1.153201578944339190e+02,3.529525371060540095e+01
-1.230600806617569418e+02,3.848533118513255857e+01
-1.199968511082305724e+02,3.610241232054944049e+01
-1.168669777114194517e+02,3.427098133910072875e+01
-1.229671352064015650e+02,3.948228454466054416e+01
-1.179524311747532579e+02,3.442258543762348921e+01
-1.163151130236276316e+02,3.395319660748747737e+01
-1.171362937801070103e+02,3.451677802572232423e+01
-1.206318374558391326e+02,3.687206704610054686e+01
-1.198793223381259025e+02,3.588428675888420827e+01
-1.204461849817019043e+02,3.532464474819723677e+01
-1.152137433488159104e+02,3.413564488028898580e+01
-1.203902306384527918e+02,4.045971669176992691e+01
-1.157313185903573469e+02,3.328542165397404062e+01
-1.227434118097423266e+02,3.824822159921862408e+01
-1.203613173274536479e+02,3.933227207322987340e+01
-1.220306897551597132e+02,3.856645983356628449e+01
-1.216109044080040604e+02,4.097807303083026653e+01
-1.184911996309496658e+02,3.516227435668338330e+01
-1.199454404016634754e+02,3.558602287505706130e+01
-1.161425629131327355e+02,3.416826581255079986e+01
-1.210150108804687079e+02,3.573145825908158457e+01
-1.236630648645863317e+02,4.184982387944688753e+01
-1.170688147317900274e+02,3.496046268108051436e+01
-1.158697334773607253e+02,3.562183044762692674e+01
-1.154768741479846170e+02,3.324530525766240885e+01
-1.223225776242860832e+02,3.783272079480557437e+01
-1.181442316817179830e+02,3.505173912785834034e+01
-1.201873030640692832e+02,4.016277650925081133e+01
-1.206401755243053060e+02,3.876961473092922006e+01
-1.204864232819936944e+02,3.547859644284343972e+01
-1.182961044754481463e+02,3.457172674727203798e+01
-1.213435927051436920e+02,3.735552578822094461e+01
-1.202246853567904452e+02,3.633630877527142644e+01
-1.146331737636673438e+02,3.452738732696550983e+01
-1.198279883050135766e+02,3.826673517350428710e+01
-1.192150117191969656e+02,3.662611493751708736e+01
-1.187311420533590933e+02,3.763889470974388018e+01
-1.206813213006261236e+02,3.578163786782548073e+01
-1.217329435293069650e+02,3.751402562572818056e+01
-1.174542748417511575e+02,3.583766784788210913e+01
-1.210995106711189635e+02,3.805187596585518151e+01
-1.173810764088187568e+02,3.469653209122473214e+01
-1.226306574286530235e+02,3.972022053305918377e+01
-1.189936333444400987e+02,3.635704323515238912e+01
-1.175907709082959371e+02,3.373622108293172772e+01
-1.224794136713653074e+02,3.912564966989162230e+01
-1.228686854624629348e+02,3.876164659461507256e+01
-1.206868320859258148e+02,3.676744276774680742e+01
-1.211966914021159454e+02,3.823621052725337677e+01
-1.167838534640682866e+02,3.510277737787370711e+01
-1.209049316633995232e+02,4.072576846852201982e+01
-1.189979241328881017e+02,3.670599742880154537e+01
-1.178018644009537894e+02,3.625245651564991789e+01
-1.185411248162680664e+02,3.721131642680010998e+01
-1.226623276930330348e+02,4.072225718272228789e+01
-1.164919869814638389e+02,3.348212285671291966e+01
-1.216064219376684576e+02,3.720149162234869067e+01
-1.212258166943206845e+02,4.010265594905368403e+01
-1.221993660168592157e+02,3.863249697836157281e+01
-1.225775578784881930e+02,3.975161738476873552e+01
-1.193288521451879802e+02,3.683126772731101539e+01
-1.196872529307348429e+02,3.610635608394786544e+01
-1.209103184576424468e+02,3.692868110077772315e+01
-1.179998623039484613e+02,3.644183367651979211e+01
-1.162946288976898899e+02,3.493743951409264525e+01
-1.215596504355322054e+02,4.025420472109114201e+01
-1.189689442860599087e+02,3.469628921095137031e+01
-1.238684091564955310e+02,4.144868259308573499e+01
-1.194355125100078254e+02,3.807545065235398596e+01
-1.188104838144011666e+02,3.765314700371186518e+01
-1.197609941427690075e+02,3.840719688277611965e+01
-1.178795263084986260e+02,3.621299048423728095e+01
-1.197729166063656692e+02,3.748750794814729659e+01
-1.208000464948638921e+02,3.834450376176762632e+01
-1.184761140191565829e+02,3.692678670634424520e+01
-1.198086803004377856e+02,3.841654218089314554e+01
-1.206061606860692592e+02,3.827728322314621323e+01
-1.159267339020380234e+02,3.428814577153032417e+01
-1.175234339092175162e+02,3.354384026855855438e+01
-1.206209884123853584e+02,3.775949472709498167e+01
-1.187154336881440599e+02,3.509320072449503414e+01
-1.212044119641570035e+02,3.595864453899755375e+01
-1.153628571280214459e+02,3.434578693740062505e+01
-1.196329309302905273e+02,3.753701953761191845e+01
-1.180331759467746906e+02,3.629594250577265058e+01
-1.212773970771695673e+02,3.788907355346283623e+01
-1.217801815676011046e+02,3.971760610209334885e+01
-1.201260336908951416e+02,3.760526165703520718e+01
-1.212822564860389747e+02,3.815373153623527003e+01
-1.208529331646246874e+02,4.039421811599025602e+01
-1.166009518108672296e+02,3.276836772798576192e+01
-1.176285934343096926e+02,3.696994571933292661e+01
-1.175600730136998067e+02,3.598243194162455438e+01
-1.154443983930939197e+02,3.365486855420957113e+01
-1.217340663711590310e+02,3.903055333992583797e+01
-1.226248964496578395e+02,3.841246550304640550e+01
-1.202306544411106159e+02,3.460772206114901905e+01
-1.187830695101063867e+02,3.689777435723021171e+01
-1.176850352524881629e+02,3.350203590762898642e+01
-1.203681280867671433e+02,3.561602623634406939e+01
-1.196484983688813770e+02,3.719188182069723325e+01
-1.189395327529299351e+02,3.679558214567551744e+01
-1.184678611733350522e+02,3.687790318507100551e+01
-1.160672707519945988e+02,3.390677690282395673e+01
-1.184768626262251274e+02,3.710277535876018362e+01
-1.222500968141279429e+02,4.055914897324122137e+01
-1.224477466797186906e+02,4.087058340204801254e+01
-1.189636190493325927e+02,3.546753307795916044e+01
-1.155568039109851668e+02,3.454031518524656974e+01
-1.195217431520986224e+02,3.724173920231869772e+01
-1.166532447641443326e+02,3.456153400406774523e+01
-1.148191732394900271e+02,3.321142646479115967e+01
-1.173164957457472752e+02,3.426522172671263888e+01
-1.208555374534497986e+02,3.834762554619570096e+01
-1.210418265876705277e+02,4.104988114802173271e+01
-1.227761673496571575e+02,4.083483550029474429e+01
-1.204502219939942478e+02,3.462992645996330054e+01
-1.220852828141437527e+02,3.769442858333846402e+01
-1.165981040271851867e+02,3.578211238377463843e+01
-1.209831607098553405e+02,3.982222061281114378e+01
-1.150748198637933228e+02,3.408739781776935018e+01
-1.205193238035345615e+02,3.537560223119873370e+01
-1.149414113557626251e+02,3.510509070706454793e+01
-1.211184252036164963e+02,3.734611497101968780e+01
-1.188311332032381102e+02,3.423271802301560740e+01
-1.208416108374590436e+02,4.061890514871564051e+01
-1.164369080333217852e+02,3.284742739761122721e+01
-1.210401824149278269e+02,3.624529335287731158e+01
-1.177589504436846255e+02,3.574336468943506162e+01
-1.236894418349182843e+02,4.164930821982025577e+01
-1.170122419515480345e+02,3.570509694732195527e+01
-1.148926445445189586e+02,3.373685455722635851e+01
-1.240220963458080092e+02,4.053264478075850263e+01
-1.151567044125149977e+02,3.296055931806027672e+01
-1.200531357307251881e+02,3.716644505324903491e+01
-1.171029864167096406e+02,3.351716222931607803e+01
-1.218720400753552582e+02,3.762661258108266793e+01
-1.201829543211429296e+02,3.985826861781045238e+01
-1.217815875998196589e+02,4.068090878427491930e+01
-1.221157122119107754e+02,3.870273996342781686e+01
-1.202803137505979265e+02,4.092070405995778515e+01
-1.152726263688435893e+02,3.284982370845211364e+01
-1.149871353528113218e+02,3.482987539460778947e+01
-1.204167287057367020e+02,3.850630759199779618e+01
-1.206726674342486376e+02,3.978015991043361765e+01
-1.206228594443491744e+02,3.714520320759181260e+01
-1.206916078445369607e+02,3.782767861973702850e+01
-1.201581194753027404e+02,4.103648305185192413e+01
-1.222315004338449711e+02,4.087770918849135171e+01
-1.149071566269905986e+02,3.474336303225712896e+01
-1.213743441863485515e+02,3.828723144346560758e+01
-1.219036539369456023e+02,4.163599861642882161e+01
-1.209621480370175561e+02,4.065537066624554541e+01
-1.175490921537671625e+02,3.606569090702066660e+01
-1.170902925329840940e+02,3.540575247426054517e+01
-1.159560779718916166e+02,3.320179485717680024e+01
-1.204747423281469025e+02,3.990134897851217488e+01
-1.229070756536340099e+02,4.012076860546422807e+01
-1.224181977185343584e+02,4.124491159467613954e+01
-1.231871903960000481e+02,4.018902428642569191e+01
-1.180144188113536217e+02,3.373267634900950185e+01
-1.209258273878052421e+02,3.562004453335992338e+01
-1.208817408407027187e+02,3.828521233841678395e+01
-1.201974161561371091e+02,3.962159776193509941e+01
-1.178170604946777900e+02,3.548862244861366122e+01
-1.213296153314756936e+02,3.637665503702126557e+01
-1.215548892449418190e+02,3.827870725498075188e+01
-1.204964314102080465e+02,3.699258149685839214e+01
-1.157751130249975233e+02,3.409832132657983550e+01
-1.176013438548193903e+02,3.395617300647946024e+01
-1.186450022938979743e+02,3.619455907344066503e+01
-1.164128653432608900e+02,3.410246474543345130e+01
-1.204431141263323894e+02,3.525493870650709738e+01
-1.147604701728582342e+02,3.442907965598363518e+01
-1.212761213504640807e+02,4.124078329512065011e+01
-1.179952344762958916e+02,3.369411648433586493e+01
-1.217386009378975160e+02,3.674918510985160935e+01
-1.215058594893905735e+02,3.614154819244834727e+01
-1.213662124497968335e+02,4.182390714777127982e+01
-1.163360508874038999e+02,3.507120173615881953e+01
-1.214348380244130681e+02,3.800363604538882356e+01
-1.212828999885334582e+02,3.646651092730966326e+01
-1.158214985807375541e+02,3.547784292811049056e+01
-1.214601070750620124e+02,4.181175487820789272e+01
-1.209827636004534099e+02,3.889007669424842106e+01
-1.147403216998522169e+02,3.311228398930983019e+01
-1.163841758547377907e+02,3.418523321945082927e+01
-1.208215631556275440e+02,3.635873366237986204e+01
-1.233352255958283052e+02,4.020103426806348068e+01
-1.207430192380245018e+02,3.568212422278840279e+01
-1.194412325294028250e+02,3.806535551889427182e+01
-1.218539558439257746e+02,3.712082631768910090e+01
-1.149756449199968671e+02,3.458152958351969630e+01
-1.185777846555645993e+02,3.598855682456894556e+01
-1.220030327496387059e+02,3.733549543712126706e+01
-1.167834315584370444e+02,3.548161502929087874e+01
-1.180083044540772477e+02,3.549084191172125458e+01
-1.162519309121553164e+02,3.425589366385052870e+01
-1.224999101777907811e+02,3.914071845891180601e+01
-1.223569074901906788e+02,4.079019498168141666e+01
-1.169486602939142585e+02,3.544821066762384021e+01
-1.213315843037799908e+02,4.042370350949854441e+01
-1.191863168512976472e+02,3.716475767679536801e+01
-1.225802539838134493e+02,3.880256533470432601e+01
-1.218876213976086973e+02,3.733983209384387436e+01
-1.234523246741585041e+02,4.038828860016967326e+01
-1.169239158178851596e+02,3.258721528303212978e+01
-1.219568197920444987e+02,3.785447671443474604e+01
-1.235819736218356724e+02,3.930086332162848350e+01
-1.189614740672765549e+02,3.729907327452673371e+01
-1.183511512073259979e+02,3.612580216331810590e+01
-1.234783005289325502e+02,4.170199113895696996e+01
-1.214377369664864688e+02,4.138090141289756474e+01
-1.194403815824503425e+02,3.590277439976676277e+01
-1.170396441923732596e+02,3.441132412219070602e+01
-1.171907704412453057e+02,3.304409421591495999e+01
-1.216404440043808393e+02,4.067468579102400383e+01
-1.217994593397027927e+02,3.745577503168255618e+01
-1.213538792681453771e+02,3.594278239962351051e+01
-1.208658530792455963e+02,3.872389033479639409e+01
-1.222918358254509457e+02,4.043281258236140729e+01
-1.221935418921584642e+02,3.754575018673669007e+01
-1.230162404084883434e+02,3.920825482188787703e+01
-1.207906019908291171e+02,4.181594914419910225e+01
-1.189020850543596595e+02,3.481380247999030075e+01
-1.194951275581903474e+02,3.591281666476276513e+01
-1.218691682842563466e+02,3.754781877742737350e+01
-1.226918783683073428e+02,4.094924705966843703e+01
-1.233539302597862672e+02,4.047899208889659661e+01
-1.162558986966048735e+02,3.503062383652492429e+01
-1.221236055045598334e+02,3.864877467650448750e+01
-1.234710093067818804e+02,4.116286198280074871e+01
-1.177816571429857788e+02,3.660992657150676877e+01
-1.230739664323859301e+02,3.953284947697099483e+01
-1.217924348030328332e+02,4.080498988597643972e+01
-1.160037301146024191e+02,3.272674526844650700e+01
-1.180343615898972871e+02,3.506939787337959302e+01
-1.229264239818405287e+02,4.042859032486047965e+01
-1.166450476061669974e+02,3.561537372734608198e+01
-1.214098235350019621e+02,3.998450270530845074e+01
-1.162573498123601325e+02,3.396228925317851832e+01
-1.229486315636547005e+02,4.089050996592537501e+01
-1.163378311372610199e+02,3.374221675879261539e+01
-1.191271298732058455e+02,3.615869147532468020e+01
-1.170026414797285383e+02,3.543513508871154016e+01
-1.188112976582242339e+02,3.509723700261628920e+01
-1.238874719756155969e+02,4.166022781932349517e+01
-1.211586278070930121e+02,4.094791083778565621e+01
-1.227840598154528493e+02,4.176607763959193420e+01
-1.225734524549719993e+02,3.845577485321097555e+01
-1.205983903622122000e+02,3.943710649870853047e+01
-1.164727579172468381e+02,3.465223743534507861e+01
-1.205620097055932547e+02,3.530289284206770617e+01
-1.198448357510423818e+02,3.643355005329723184e+01
-1.145733250330438580e+02,3.459511102799592663e+01
-1.192746952634333013e+02,3.756562470261417985e+01
-1.217893272523603940e+02,4.189942990761214503e+01
-1.222351056563740741e+02,3.750926383791311025e+01
-1.215014246250655106e+02,3.830340318818501544e+01
-1.154539513460663187e+02,3.347689254667702130e+01
-1.168848367854393899e+02,3.395647216417448533e+01
-1.198479243602907331e+02,3.666245345410469270e+01
-1.224908566117647979e+02,4.076941150656230661e+01
-1.217472555155238041e+02,4.004723752925960412e+01
-1.234994187114229902e+02,3.979290132870860219e+01
-1.234327538884038660e+02,4.170772973024995878e+01
-1.198185749615390421e+02,3.594224919229036885e+01
-1.219394605408810861e+02,4.184176447677712929e+01
-1.168473842106917857e+02,3.600232473258990495e+01
-1.221619359077406983e+02,3.939247415377580808e+01
-1.192717229976198752e+02,3.609827657798510359e+01
-1.196258529138805926e+02,3.658586467822119914e+01
-1.204072466861008337e+02,3.801487455876488042e+01
-1.174623890667516690e+02,3.680914130805393114e+01
-1.155849998732366117e+02,3.364413118283847126e+01
-1.181763049130852892e+02,3.527923101242924275e+01
-1.171781157398682609e+02,3.665990483432511127e+01
-1.153988766698276720e+02,3.394783282972928617e+01
-1.210878404686178982e+02,4.096031065239627367e+01
-1.177683463339575241e+02,3.586851153571682715e+01
-1.181122849790213820e+02,3.654235254808932609e+01
-1.199358823813026760e+02,3.848288187490962997e+01
-1.154259298943803884e+02,3.339431928408890116e+01
-1.215469115739672787e+02,4.193829444189140787e+01
-1.158686978628035149e+02,3.439050971629659870e+01
-1.234581319484413200e+02,4.024417674240598330e+01
-1.236439799796185497e+02,4.080789370862306953e+01
-1.240525474734835427e+02,4.028961229608982819e+01
-1.210509453515167309e+02,3.988521034621061290e+01
-1.223832932624596737e+02,3.954676944988066367e+01
-1.207430998711880079e+02,4.163290963482762663e+01
-1.215535982011997618e+02,3.704485314391635598e+01
-1.175710665411732236e+02,3.366182726928315816e+01
-1.190909238999688000e+02,3.816617956078147955e+01
-1.191196190876935077e+02,3.566786929686941221e+01
-1.199917025492755158e+02,3.687575702544965850e+01
-1.205069478755501962e+02,4.011265272216279953e+01
-1.207538776538352607e+02,3.622230327223127944e+01
-1.201960557293251242e+02,4.151792535437862597e+01
-1.226660074408054300e+02,4.140495710061434664e+01
-1.206067717267716262e+02,3.741004309195909627e+01
-1.178743298461092621e+02,3.723167532645033617e+01
-1.151907048790192221e+02,3.442815712850533316e+01
-1.240186832398818382e+02,4.085381859734710730e+01
-1.150172857080552262e+02,3.444203295481005966e+01
-1.215987330251173262e+02,4.188514661181192622e+01
-1.212726837104584519e+02,4.009069174683450854e+01
-1.226901110414134877e+02,4.121256981701628774e+01
-1.222751551556010128e+02,4.157420202667435660e+01
-1.214139572887529823e+02,3.636274432963175940e+01
-1.232382445820847749e+02,4.003923971799672188e+01
-1.212295503410767168e+02,4.078653928441831766e+01
-1.155953526912872178e+02,3.309354133200290704e+01
-1.157116037661253358e+02,3.343842415239966215e+01
-1.214878325490054323e+02,3.654970039323514186e+01
-1.149466984081203833e+02,3.287796768351817178e+01
-1.162545033664951148e+02,3.491839770870524973e+01
-1.216783295383575876e+02,3.966576348219998494e+01
-1.228254512041573889e+02,4.109929979153206148e+01
-1.195826698192119011e+02,3.745171548642401405e+01
-1.178396027577256433e+02,3.463728352706066715e+01
-1.220755505954492861e+02,3.881315690971911181e+01
-1.153109795238560764e+02,3.333145774858050459e+01
-1.207953489075919435e+02,3.920462190994631158e+01
-1.192547022425500387e+02,3.615423970810498133e+01
-1.158057957904925246e+02,3.550668580102072269e+01
-1.186755721739327782e+02,3.476479395588443566e+01
-1.240279869415747385e+02,4.066390184722287415e+01
-1.229282990385446652e+02,3.882874534591153548e+01
-1.157439859303647296e+02,3.462196216187636821e+01
-1.173331508458307013e+02,3.423264402299859910e+01
-1.202518071237482360e+02,3.935286707829008179e+01
-1.201792343040586530e+02,4.071389203292404346e+01
-1.203389810968840550e+02,4.124747677875062379e+01
-1.174403008135783608e+02,3.547341174824724419e+01
-1.236538426771686972e+02,4.046769986902214100e+01
-1.195806519527820484e+02,3.469654539002277716e+01
-1.211742496759508896e+02,3.983467682870932691e+01
-1.226295366381741729e+02,4.025749310752655674e+01
-1.228713856707128400e+02,3.827680293935326006e+01
-1.203339110477940466e+02,4.170504564656506119e+01
-1.149468427896955376e+02,3.417426943007840379e+01
-1.220678301426461303e+02,3.823120471974836221e+01
-1.205183588945685500e+02,3.731895761700217662e+01
-1.189688398376879235e+02,3.778773434281870180e+01
-1.194369111434142781e+02,3.607597368349050981e+01
-1.210590074366046025e+02,3.852025380281272504e+01
-1.160572333497784996e+02,3.586000389094675711e+01
-1.180181065198617176e+02,3.488650651303447603e+01
-1.182087191868731963e+02,3.451953980951916634e+01
-1.174759119533577945e+02,3.419285968969469991e+01
-1.227574141557084602e+02,3.874483163153024634e+01
-1.222781024711377853e+02,4.012243024456832075e+01
-1.185988560235179250e+02,3.517145103913723858e+01
-1.237313080845233770e+02,4.021804347811415425e+01
-1.179416294323593348e+02,3.388405133136637204e+01
-1.227053495237261558e+02,4.174107602200586342e+01
-1.208495532422145828e+02,3.801940286684214243e+01
-1.209140980528013642e+02,3.990594470166857377e+01
-1.219347650756463963e+02,3.971224841178514708e+01
-1.176692410029734930e+02,3.391628890257482709e+01
-1.171946781564393945e+02,3.393198479878213192e+01
-1.165487532950881473e+02,3.581738658399513753e+01
-1.194863480100692499e+02,3.789540571401413160e+01
-1.239966862043465454e+02,4.105516012827709460e+01
-1.221516374449977320e+02,4.091078362272086366e+01
-1.227794810863424289e+02,3.854793565233759267e+01
-1.183527286978325606e+02,3.643368642580409045e+01
-1.194914144897504258e+02,3.702933328638444266e+01
-1.214972022724055734e+02,3.881677647843577006e+01
-1.237203024473208757e+02,3.985049904848577995e+01
-1.222934661403440231e+02,3.803439254844281692e+01
-1.188193104117695214e+02,3.640765411324484546e+01
-1.199088608103611762e+02,3.626851206754336943e+01
-1.187338700591754446e+02,3.684238212050338745e+01
-1.171009550045873340e+02,3.420112610924202556e+01
-1.183342969532777147e+02,3.401491639906464570e+01
-1.236868087609414459e+02,4.130961158480977247e+01
-1.158430653099663914e+02,3.267373701526162932e+01
-1.193535031916793088e+02,3.442628443541970995e+01
-1.211649662671033809e+02,3.904619022728230959e+01
-1.174157945512652930e+02,3.673525848699967611e+01
-1.221671662673522007e+02,3.839209742855124574e+01
-1.233219902917972490e+02,4.157108606447246046e+01
-1.171868028343824619e+02,3.344762735268683684e+01
-1.207199283561201213e+02,3.690766095567224170e+01
-1.191936885030149256e+02,3.614139508066050865e+01
-1.207780386185367121e+02,3.779008733831420130e+01
-1.165667717220906070e+02,3.601089057483221723e+01
-1.147709656132587384e+02,3.414215923397764385e+01
-1.160372297517698001e+02,3.591167204299907212e+01
-1.206232074388095867e+02,3.657172943801762699e+01
-1.193316630633386524e+02,3.823956783277639460e+01
-1.229511523063519576e+02,4.095572786933725951e+01
-1.201218236808825424e+02,3.614880831180368403e+01
-1.215967794609863688e+02,4.006237644958483912e+01
-1.152474138189807604e+02,3.338788219448446881e+01
-1.221495739630651371e+02,3.812357667396990735e+01
-1.163115382798536643e+02,3.521115161140907901e+01
-1.194266762022353419e+02,3.450234487861044386e+01
-1.180669751443976878e+02,3.552932194762406226e+01
-1.200666388266832172e+02,3.761413008887845422e+01
-1.218752634832573278e+02,3.959918902080634240e+01
-1.172409661810537784e+02,3.295925486103850943e+01
-1.231597984193884940e+02,4.192115303915195312e+01
-1.207416942093170604e+02,4.192675271984070662e+01
-1.228180062500847214e+02,4.126380974159053494e+01
-1.203484963317233394e+02,3.494903312877263346e+01
-1.216031434894848076e+02,3.978329742220351051e+01
-1.185931613357472258e+02,3.421097748031974106e+01
-1.223678776099635854e+02,4.036693491088347230e+01
-1.194846431531710067e+02,3.488038512170943051e+01
-1.174918683863131292e+02,3.339362579013027954e+01
-1.147691237992221431e+02,3.368172116611989253e+01
-1.187114610452301946e+02,3.525083136961507790e+01
-1.232180442144117336e+02,4.104790872885208586e+01
-1.183234793376568206e+02,3.520480653144556982e+01
-1.204051033058048574e+02,3.992539578605506989e+01
-1.195425975481240783e+02,3.464704022687629958e+01
-1.207060819433419425e+02,4.049781969973689399e+01
-1.227653499184707471e+02,3.884016532906901631e+01
-1.186105016879808574e+02,3.680611115376619580e+01
-1.175615360098446587e+02,3.346748819514179729e+01
-1.226453224287020163e+02,3.919841216543303375e+01
-1.186252928604151577e+02,3.698200328137688331e+01
-1.154436545583307350e+02,3.313140016149215228e+01
-1.209200347126482598e+02,4.115998593098188252e+01
-1.196886386842585637e+02,3.468367801371437054e+01
-1.228702376933961915e+02,4.183113490108512877e+01
-1.181135739733215786e+02,3.533661737907039679e+01
-1.202497705156345944e+02,4.012977878153630940e+01
-1.202337745015824595e+02,3.828017191893238191e+01
-1.212450833800954229e+02,3.928735395124721919e+01
-1.229303130732272393e+02,4.039550327347669878e+01
-1.181767324083291868e+02,3.558657190901503498e+01
-1.233856374648006806e+02,4.069766876640490949e+01
-1.201775780307440300e+02,3.615027305947707958e+01
-1.168389542772911369e+02,3.561916044600151565e+01
-1.208822271770631005e+02,3.963010576470683333e+01
