-1.047028587716826280e+02,4.236417169026810825e+01
-9.828920796081840194e+01,4.832581339776845653e+01
-8.875689832697059956e+01,3.321167085161406618e+01
-1.212048332592137427e+02,4.503712864180683084e+01
-1.067022740994195829e+02,3.583492397607614777e+01
-8.537057748655773537e+01,4.525884053008633146e+01
-1.116041687168320777e+02,3.839208883813076056e+01
-1.186840551019790269e+02,4.732271596463571939e+01
-9.844570050981407405e+01,3.026396783874633201e+01
-7.861134829765754262e+01,3.807640649301360725e+01
-9.514554078379231328e+01,4.569495859200685572e+01
-8.407972526342526010e+01,4.056746811822166165e+01
-8.973151706862428512e+01,4.523728840053417599e+01
-7.888855840250013784e+01,3.823565974221772734e+01
-1.181418817377737867e+02,3.511579210119987238e+01
-9.843878914295169125e+01,4.095932381604941241e+01
-1.047360930482048644e+02,3.475557413082809433e+01
-1.011051646057594127e+02,4.198208966942937082e+01
-1.055175493983529122e+02,3.338136524882665412e+01
-9.060603882160569356e+01,4.208166059668944570e+01
-1.127596750955614482e+02,4.671823035372008803e+01
-1.161387063363044092e+02,4.819788545503068633e+01
-6.731457170674075030e+01,4.546346352517996081e+01
-7.410471016823828450e+01,4.393953361412759051e+01
-8.021476816816425526e+01,3.443453569822022331e+01
-1.218463857561121557e+02,4.734947865675044198e+01
-1.197298795235984130e+02,3.547392633126787587e+01
-1.193052074040539026e+02,3.963869135540461741e+01
-1.024371360002675715e+02,3.599765446450375350e+01
-1.007236045798771613e+02,4.497600920653439260e+01
-9.735644707957733601e+01,4.390310357108879913e+01
-1.195010895237513182e+02,4.363414234717937745e+01
-8.913552185970564778e+01,4.414170518822528777e+01
-1.211008406714324650e+02,3.778063714770748760e+01
-8.906041358561634524e+01,4.020358381023751804e+01
-9.789421814622852480e+01,4.409215402832344211e+01
-1.021476487004030247e+02,4.015670880211554561e+01
-9.575951402840277638e+01,3.915502938797762056e+01
-9.846837420076353453e+01,4.344278572134724925e+01
-1.069215254679745613e+02,3.237870298256977719e+01
-9.623400130066636393e+01,3.473295064518182329e+01
-1.170792058350809697e+02,3.593554346211662676e+01
-1.162637679169685185e+02,3.859807211249031411e+01
-1.038382695029963401e+02,3.474130287927818728e+01
-7.486607677429736896e+01,4.104880409952012599e+01
-1.024543450512901899e+02,3.543529198177502337e+01
-1.031506599710093610e+02,4.449127165505936432e+01
-1.024197773868534398e+02,4.152693166274017500e+01
-1.099234147733468063e+02,4.010529802051889448e+01
-1.177232655213830270e+02,4.098346707197659100e+01
-1.093453647874537751e+02,3.757522304651410394e+01
-9.621743561091743402e+01,3.581954946407101659e+01
-8.127746872842658377e+01,2.652342395563953659e+01
-1.060041321601866287e+02,3.393272554894761583e+01
-1.096526675567525331e+02,4.435658604690761564e+01
-1.171204022166711383e+02,3.566732531896586522e+01
-8.917167350828250960e+01,4.493126256054171108e+01
-8.687984426860471387e+01,4.561299924704582054e+01
-7.521856229267361016e+01,4.251898081715332722e+01
-1.055627723757481533e+02,3.798226170428498705e+01
-1.173482809946485190e+02,4.110759353520903403e+01
-8.483570403665437709e+01,3.176451581891356923e+01
-8.633298190546105388e+01,4.420218725443423580e+01
-9.960024528461849513e+01,3.223527434525269086e+01
-9.680648155720280101e+01,4.404918628560656657e+01
-8.426980965857754313e+01,3.080539451053441269e+01
-1.182191441861250638e+02,3.491916471853517123e+01
-1.064789448605597784e+02,3.837087667638189004e+01
-1.073181212528511281e+02,3.308375796918188883e+01
-9.600385080302993401e+01,3.151965801034386061e+01
-1.043504171623477532e+02,3.974188811808519262e+01
-1.159813379219168041e+02,4.035680506525211797e+01
-1.110904027323900181e+02,4.450487004356506304e+01
-8.395406065495458847e+01,3.857952301585935118e+01
-8.657563164316245263e+01,3.470401281958357487e+01
-1.062982007246174874e+02,3.359340077401585489e+01
-8.739652196930465777e+01,4.067526107160584559e+01
-9.106521957424203606e+01,4.729857081233684823e+01
-1.187013955298872645e+02,4.149657700631435375e+01
-7.591603552402403920e+01,4.094852498673370889e+01
-9.941537551290311114e+01,3.270145444104310428e+01
-1.163559167017258602e+02,3.545347921804872016e+01
-1.145563290054832208e+02,3.257649113808086128e+01
-1.109498330057904667e+02,4.351976438378270018e+01
-8.587154647711219013e+01,4.124393850144149098e+01
-1.174317440471591425e+02,3.943009248795399913e+01
-1.214433269240322062e+02,4.734801809373146853e+01
-9.852947356691356617e+01,4.648285532066422832e+01
-1.110620051046344798e+02,3.894102882323588233e+01
-9.966386720422840995e+01,3.583957753684261149e+01
-1.110953351431093523e+02,4.463163361930048723e+01
-1.091216921699977149e+02,4.378332862945018178e+01
-1.018299208246252476e+02,2.998596612384833549e+01
-9.413102833724434504e+01,4.076874148379637575e+01
-7.568731842591432724e+01,3.984347624313341640e+01
-1.200699336635484258e+02,3.897987103522719110e+01
-7.951904705947882235e+01,4.218158193367100495e+01
-1.094027103695160008e+02,4.151000529881122247e+01
-1.074259722739922438e+02,3.583090063862424302e+01
-6.903762188765691121e+01,4.557881484361789148e+01
-1.020617872814812870e+02,4.748699809537279748e+01
-8.646290424069286473e+01,3.130038005878481400e+01
-1.007103124908716865e+02,4.785689643210854172e+01
-1.108994333353660267e+02,3.259523006310209325e+01
-1.056209825948900232e+02,4.364331077644946788e+01
-9.591796806283804244e+01,4.260019385229961131e+01
-1.049419693549967718e+02,3.770358281305988157e+01
-1.006673626398139163e+02,3.270982891567797424e+01
-8.136998666353220244e+01,2.718616648434767313e+01
-9.626229294507048451e+01,3.334249231490261423e+01
-1.027879543699983884e+02,4.787212324711828160e+01
-9.835767038565792575e+01,2.888320046830114762e+01
-9.095614515845167602e+01,3.222502379115941551e+01
-1.028450468585564437e+02,4.722438272811911020e+01
-9.174588166481929363e+01,4.081219084637626793e+01
-1.200835324617084297e+02,4.776854484261168921e+01
-7.577949626861800425e+01,4.323348609090208328e+01
-1.071578746650248490e+02,3.599519427257481397e+01
-1.064005216176719131e+02,3.896944894243384283e+01
-1.186849817396514908e+02,4.462521682293184710e+01
-1.070888479723132036e+02,4.349357444552104823e+01
-1.107111475966037375e+02,3.583922813356220871e+01
-8.528320839834381673e+01,4.352184610228133010e+01
-8.634238944940210558e+01,4.193083099593135188e+01
-8.555460328624107547e+01,4.593545551733427601e+01
-1.205158858037393230e+02,3.614264995576441208e+01
-1.049845352876906048e+02,4.441938629970806574e+01
-8.514263967784036424e+01,3.956732402837558027e+01
-8.469846908191991020e+01,3.567593862728405441e+01
-8.844989543832585355e+01,3.908168182050798833e+01
-8.190302338768876211e+01,3.546718813849653884e+01
-1.128027147583816969e+02,3.287257727174509370e+01
-8.214613857243415396e+01,3.992866482856384636e+01
-1.006873487915731573e+02,4.660103866037462694e+01
-9.502665121560789885e+01,4.262759192312057621e+01
-1.171866065133441452e+02,3.484190629225440716e+01
-7.837222567985901378e+01,3.414696948250735886e+01
-9.585743126129324310e+01,2.980318196215967674e+01
-8.510502068896667538e+01,4.579282971897660559e+01
-1.016103538529705901e+02,3.735661524680045886e+01
-1.030992081585215203e+02,4.363866410334948398e+01
-9.847441318683334543e+01,3.689690285682848980e+01
-1.128201727815530546e+02,3.464176555226101328e+01
-1.122209522221268401e+02,4.116660899279406749e+01
-1.052101509719412462e+02,4.213843971657398413e+01
-9.221068508232329464e+01,3.428661972568943384e+01
-8.787478340383063369e+01,4.312407986139228910e+01
-9.140361219591278541e+01,3.569336946091237905e+01
-9.892314724004950222e+01,2.838821615307093182e+01
-1.120479559656464659e+02,3.866348124066426806e+01
-1.064470859123058233e+02,3.714558203150484417e+01
-8.063220417735328738e+01,3.945900289275778050e+01
-1.120161416108841053e+02,4.408240538901291927e+01
-9.425410181791650643e+01,3.840766111553683970e+01
-9.420259581622681822e+01,4.577668859937814716e+01
-1.023914492082959811e+02,3.833436174045697697e+01
-8.511349825147064507e+01,3.951368535275826588e+01
-8.881735588240633206e+01,3.101645948394908459e+01
-8.986306680115555423e+01,4.068507786430669171e+01
-9.051211710131542532e+01,3.195353961267381493e+01
-1.106921868773978730e+02,4.259452096543565602e+01
-1.060277739629601541e+02,4.561835110111176306e+01
-9.780418341016823547e+01,3.918151678558142237e+01
-9.291483455982620399e+01,4.383177076267359951e+01
-9.769954643275796968e+01,3.672479429821040497e+01
-1.105327890769092249e+02,3.271338040512818424e+01
-7.876273618829758050e+01,3.965378256102039956e+01
-9.611423335951222668e+01,4.364885712236528548e+01
-9.501484655637278820e+01,4.830131060120734787e+01
-1.172737288408947904e+02,3.621919017784846062e+01
-8.435691887664717115e+01,3.876877231880011720e+01
-9.802304288549814260e+01,3.991376783626539293e+01
-7.877568418875077327e+01,4.143157878056874210e+01
-9.713078932896766560e+01,3.191513879938892728e+01
-8.086118903008227221e+01,3.229808023791796501e+01
-1.094766395191415285e+02,4.425581373598401314e+01
-8.117347594338656336e+01,4.037247043303344185e+01
-8.166216546581932789e+01,2.836435168333379409e+01
-1.027037207860844035e+02,3.284241916612511147e+01
-1.043425641214750215e+02,3.031274348805058594e+01
-1.059892627931269971e+02,3.529012819452817951e+01
-9.699025719115647348e+01,4.811843089195939882e+01
-7.561719683146282023e+01,4.266427939109889422e+01
-8.279959330882698509e+01,3.705517652487044700e+01
-1.162703004373628488e+02,3.842184025339165032e+01
-1.187932479221944533e+02,3.652141860164510945e+01
-9.378047739891505330e+01,4.042950911193739216e+01
-1.144106345371780549e+02,4.027147365612370322e+01
-1.196255742528892085e+02,4.146921572089398467e+01
-8.044244969458995342e+01,4.183656214987081512e+01
-8.207148256447592871e+01,2.785122765496920749e+01
-8.637296470271181192e+01,4.449584596439697748e+01
-7.586994299342485704e+01,4.204570288729556893e+01
-7.721675166546216929e+01,4.273310456093877008e+01
-8.136682194433097948e+01,3.881446452421522508e+01
-8.716856819467454898e+01,3.354238842499997730e+01
-1.004017267671868865e+02,3.053175326943232903e+01
-8.688243820091946645e+01,3.816624466081844957e+01
-1.058457878155776655e+02,4.068680389410359766e+01
-8.286958610676992976e+01,3.149686962982376315e+01
-1.208483942945913441e+02,4.024524006931166298e+01
-1.063105936612921596e+02,3.586308409274257514e+01
-8.630881587782339182e+01,3.668754009337015276e+01
-1.080247347604183972e+02,4.775260692680136287e+01
-1.107056896004861812e+02,3.484316538378184447e+01
-9.969760334117570721e+01,3.492387397763424417e+01
-8.312657143563555451e+01,3.335174104410733520e+01
-9.039593142506512891e+01,4.673949814483226817e+01
-1.084549663771907575e+02,3.308372911057460897e+01
-9.970600955236145069e+01,3.569154523504646193e+01
-1.125585418315122723e+02,4.210708212945780815e+01
-8.618328246757445754e+01,4.039625761438431795e+01
-1.203417144389224660e+02,3.947005077251105121e+01
-1.050526637130655132e+02,4.561885452610716385e+01
-8.590640421565964857e+01,3.970077870272251630e+01
-9.743160466004941611e+01,3.721232118716524440e+01
-8.876251332218272694e+01,4.567949464078097321e+01
-9.022215888208718582e+01,3.705286819282077460e+01
-1.117208381440402718e+02,3.246755553873200029e+01
-1.115585137333202397e+02,3.414598338760947627e+01
-1.156679913642200148e+02,4.722667129421411403e+01
-1.087784107017476032e+02,4.323703896058973584e+01
-1.106131076572355454e+02,4.763754829443401206e+01
-8.197311955098791714e+01,3.445476223889660616e+01
-1.037410790238318441e+02,4.662803219014710976e+01
-9.212723337258347556e+01,3.562546697789810679e+01
-7.335703476155403280e+01,4.397252260483458031e+01
-1.132904288382212741e+02,4.534617172532924201e+01
-9.213310031024532520e+01,4.572365259880108113e+01
-1.149105626412656420e+02,4.752590004272785507e+01
-9.303796668658586100e+01,4.448192650518916480e+01
-9.447687929394317052e+01,3.416331003179108450e+01
-1.006627221403857249e+02,3.557788371254849835e+01
-1.038135702662605127e+02,4.352443446827812323e+01
-1.235917496290236386e+02,4.298930959062786883e+01
-1.069460171627038960e+02,3.434565122080358890e+01
-8.393118856225220270e+01,3.171285378040944636e+01
-1.160872084635159922e+02,4.457163156239308677e+01
-8.175848328829746947e+01,3.531126793820484266e+01
-9.076657178838817686e+01,4.721729828686615349e+01
-9.153766004731254213e+01,4.721249937057856982e+01
-9.114598099044684432e+01,3.757240018961388728e+01
-9.662065115208633870e+01,3.960197577729206841e+01
-9.741107798290336461e+01,4.860695347475406436e+01
-1.217059843654959792e+02,3.942797708783061950e+01
-1.220257135567726721e+02,4.382658169578659368e+01
-9.934998813126640016e+01,2.825155719445078617e+01
-1.120698536869077202e+02,3.531336533520870802e+01
-1.099688215673624114e+02,3.636848796318665933e+01
-1.022556132374322146e+02,4.837150343246095474e+01
-1.121956774795231979e+02,4.614624240461842675e+01
-9.727943553572386293e+01,3.929421183174743959e+01
-8.734703768794402379e+01,4.667200454986245006e+01
-8.080365595613963592e+01,3.416598719400531081e+01
-1.118416819845500356e+02,4.834179934889813524e+01
-1.056454369686040309e+02,4.074749556190325706e+01
-8.159377317040818411e+01,3.325441757714391144e+01
-9.721632756803370512e+01,4.532300720795308280e+01
-1.051705724272671318e+02,3.314459175124256518e+01
-1.063066312892814125e+02,4.490373372574707389e+01
-8.578930123206811231e+01,4.373541902817574112e+01
-1.000880453200041700e+02,3.510813421534125922e+01
-1.005878136635781033e+02,3.635017595423423842e+01
-8.373836454724629164e+01,4.452563255604817982e+01
-1.019685824319269329e+02,3.476217917670994950e+01
-1.214265710903744946e+02,4.077216327040652288e+01
-8.257616641976665051e+01,3.218063187937061542e+01
-7.018550801629852742e+01,4.405219499525908589e+01
-1.171643010540370824e+02,4.799575254947824021e+01
-9.656826944141135982e+01,3.139639892380981223e+01
-8.108062784292980041e+01,2.582366510673631410e+01
-1.007008757464232929e+02,4.061149021067982545e+01
-1.032872616699421258e+02,3.657312087295987624e+01
-8.572947415583436737e+01,3.244311329293219615e+01
-9.561909687631496979e+01,3.126042392601858211e+01
-8.386407304400734120e+01,4.283456267756908176e+01
-7.782807549393950808e+01,3.885261637605034934e+01
-1.020677299194542655e+02,4.691845079560342668e+01
-9.407278241643757610e+01,3.642618493450039097e+01
-1.066311804980038858e+02,3.940283883871157400e+01
-1.103247079265793076e+02,3.146868242347424172e+01
-1.036999571949452701e+02,4.524282019914409858e+01
-1.054324068253432642e+02,4.249988582106225010e+01
-8.972389989875368599e+01,3.414856075672584268e+01
-8.721696368502209396e+01,3.952314717561194612e+01
-1.040868615962753125e+02,4.753108189475535283e+01
-9.071412372751765929e+01,4.531198503431352265e+01
-8.858717675362433397e+01,4.236054856959853510e+01
-9.897550377433458380e+01,4.333239636030983633e+01
-1.171671813913239930e+02,4.505784059567800881e+01
-1.023391231125145993e+02,4.624583238305883981e+01
-7.798205302662339022e+01,4.319741985201611811e+01
-1.023403430874030562e+02,3.092371960698336508e+01
-1.170632576387384347e+02,3.657176714146048369e+01
-1.128944762843825345e+02,4.078158763075145998e+01
-1.173152335050415758e+02,3.354129048175857974e+01
-9.189085876687030918e+01,3.057067935336628750e+01
-1.027320121629763037e+02,3.606133430352458902e+01
-1.095066287396223714e+02,3.519338901707739353e+01
-9.162186466390265593e+01,3.734672836460237022e+01
-9.965509610566465426e+01,4.085897028744707882e+01
-1.127756329134366808e+02,4.239842620083013003e+01
-9.896277812761189807e+01,3.409941590415589729e+01
-9.643039926967448139e+01,3.616828491427882142e+01
-9.984553300979787593e+01,4.346446801079355993e+01
-8.991171606163723595e+01,3.318359247404654866e+01
-1.043943456249981665e+02,4.185773984329351549e+01
-1.057816957940697193e+02,4.708350799232185580e+01
-9.022459180079533780e+01,4.243181513637658497e+01
-1.001194717985820120e+02,4.573659977448190261e+01
-8.963141805976701448e+01,4.187080677611965029e+01
-9.841414156443516958e+01,3.139116994821078777e+01
-1.065216174657830237e+02,3.582756042449081946e+01
-1.240813366375307680e+02,4.742954013730292218e+01
-9.970703855309369601e+01,4.576931689204820941e+01
-1.109200789684219330e+02,4.674484813598725452e+01
-1.145946621548962980e+02,4.567604921656474914e+01
-1.033674663370121323e+02,3.400277655864164927e+01
-1.151808288489814061e+02,3.491880662930500279e+01
-8.561608846166714670e+01,3.897224602602263133e+01
-1.117956781297188655e+02,4.089355381841185277e+01
-7.750281555815597301e+01,3.735792924310356256e+01
-9.822737520985843673e+01,3.767736347806317809e+01
-1.020319544069801765e+02,3.203274547000131633e+01
-8.068978158810585910e+01,3.524827219082355612e+01
-1.187398102197752081e+02,3.487872118984441272e+01
-1.153582322226770316e+02,3.358354602727337124e+01
-9.265079849231295839e+01,3.024634820579023753e+01
-1.063593133916205318e+02,4.716990528080992107e+01
-8.832051620312707030e+01,4.208741933226471588e+01
-1.197681896677070199e+02,3.918745815505064911e+01
-1.114352484519286435e+02,4.843392735268867710e+01
-1.093634769769479931e+02,4.257544272435350052e+01
-9.001019398281050599e+01,2.953845049532562328e+01
-1.060582243294425666e+02,4.732550974033827629e+01
-1.066405313890814597e+02,3.269994296509155163e+01
-1.237733642176303732e+02,4.708594195979719643e+01
-9.446565182447000097e+01,3.341151066985986517e+01
-9.533601120437219834e+01,3.564141434676767517e+01
-8.632239859928638737e+01,3.896569964701409106e+01
-1.199112197163718605e+02,4.398987914260176524e+01
-1.169946754175027905e+02,4.700941580420466437e+01
-1.107120004036035681e+02,4.526617815484553375e+01
-9.259158875470804162e+01,4.800442024430513754e+01
-1.099713354568447983e+02,3.276277391304236630e+01
-9.532262046055168980e+01,4.172619317569140662e+01
-1.098674625563281637e+02,4.153557899299472922e+01
-9.152717602138359609e+01,4.464993531810351612e+01
-8.813886448508885962e+01,4.555085912086305200e+01
-1.183629166841633946e+02,4.135828017484008257e+01
-9.245771970275710316e+01,2.969999704285590170e+01
-1.194521442209140076e+02,4.353682314080610638e+01
-8.201967159619215408e+01,3.960147553508424778e+01
-1.001271104718043290e+02,3.112699649626951626e+01
-8.857405085625114793e+01,3.686942885949618898e+01
-1.012178275460666157e+02,3.110887987602576388e+01
-1.195936664650425030e+02,4.297599857501367637e+01
-9.436489432198479221e+01,3.609235211763987650e+01
-1.184868942634659987e+02,4.320180153322695560e+01
-9.584979061511536713e+01,3.679648882179445479e+01
-1.073683985223520665e+02,4.767721653218593048e+01
-1.104102816087596182e+02,3.393349262190293558e+01
-1.124382026316476839e+02,3.586290949689755791e+01
-7.787009171861572554e+01,4.100107225536154942e+01
-7.727623946389007870e+01,3.714789918933649915e+01
-1.158831504591971253e+02,4.238465104571318420e+01
-1.209662805507453243e+02,3.945419995831470317e+01
-9.348024487136196115e+01,4.088686015616661251e+01
-8.435483819100997493e+01,3.743459722420526958e+01
-8.412076665165255918e+01,4.532796881560975066e+01
-1.138347951845647827e+02,4.750500662355229053e+01
-1.099646198687822789e+02,4.362674550137045770e+01
-9.975521453674058137e+01,4.106895022234232329e+01
-1.214675689720942273e+02,3.919891682469357619e+01
-1.051096519573821979e+02,3.593388830033379122e+01
-1.020614076981009362e+02,4.122300247026847586e+01
-1.102027125238686267e+02,3.682929009376385920e+01
-9.760517095671227139e+01,3.456955084926109123e+01
-9.646030641268700379e+01,3.710744211435746109e+01
-7.882353060731301753e+01,3.419741251858971509e+01
-1.207787475939474007e+02,3.826611704611951836e+01
-1.113377042403403436e+02,4.125098044846998846e+01
-1.197552039282693244e+02,4.487850103887959108e+01
-8.318128069012925607e+01,3.897061323056945525e+01
-9.802884506737960635e+01,4.298633373941903812e+01
-1.201893071003043900e+02,4.147707055896228212e+01
-8.485593185998052945e+01,3.237757331647865300e+01
-9.759066793383982485e+01,2.980116625255185880e+01
-1.040932891063171013e+02,4.444095565173753926e+01
-8.655032973496840043e+01,3.385042379038385718e+01
-1.163441794432863503e+02,3.664033011808783158e+01
-9.610470815194065608e+01,3.018228597638838551e+01
-9.724366325272285394e+01,4.093606288791551862e+01
-1.123635038843364100e+02,4.859713506287948803e+01
-1.096360663572121155e+02,4.680838389618541839e+01
-1.012677503692433163e+02,3.278943456948645974e+01
-9.112074738256151818e+01,3.721405813026811416e+01
-1.109323158676725711e+02,4.587955697057068960e+01
-1.031342671122637427e+02,4.799379542123729436e+01
-1.173352387143541762e+02,3.318210909082029048e+01
-7.693290527147546243e+01,4.239940867176453310e+01
-9.013231267844706451e+01,3.171884022338377918e+01
-9.688760034285058964e+01,3.602230930827489175e+01
-1.149775758278621680e+02,4.343753274476238602e+01
-9.051430328354169319e+01,3.770380174984209987e+01
-1.151440337088322394e+02,4.832849168861049804e+01
-1.010598044445091261e+02,3.739857141480391789e+01
-1.186424841331554774e+02,3.901498282871962431e+01
-1.203460134057302184e+02,4.064625609146424523e+01
-1.214596349304412968e+02,4.016274940413340033e+01
-1.025184029363961713e+02,3.451686017987371002e+01
-8.698808357886748865e+01,3.983902959703364388e+01
-8.995946669318863087e+01,4.523143955677942785e+01
-1.167610569716547815e+02,4.099567599888459313e+01
-9.005728030964148445e+01,2.967998730302533161e+01
-1.160223859479541630e+02,4.279706908910182506e+01
-9.087787333866211270e+01,4.706366101644204747e+01
-8.477870553889258076e+01,4.256115237070108748e+01
-8.111712670762830157e+01,3.655183433616539901e+01
-8.981489485608926771e+01,4.404352305958290970e+01
-9.807716497521700205e+01,3.280961638667965019e+01
-7.554753915514767471e+01,3.965915287993087190e+01
-6.971445602968218225e+01,4.503022258223994356e+01
-8.480733559397171462e+01,4.563936981659710312e+01
-1.150489625851928253e+02,4.556325012661373819e+01
-8.374668240893933557e+01,4.563668960018950571e+01
-1.231681034435911926e+02,4.442376365499239910e+01
-1.157764543069337861e+02,4.097663411216081641e+01
-1.180304147259032703e+02,4.313087811923402626e+01
-1.038647526454093395e+02,4.015673494136851929e+01
-1.109306584466860102e+02,3.191296269003927222e+01
-9.713263981170098305e+01,4.508323261768137513e+01
-9.323274754226898153e+01,4.713853858434783461e+01
-1.241458073857651812e+02,4.728061849254736870e+01
-7.180458474044618811e+01,4.313291640517178394e+01
-9.103980259051711244e+01,3.588785337485992244e+01
-1.196362875911018762e+02,4.843695870502209999e+01
-1.142122186653211315e+02,4.021143163125341857e+01
-1.167116309300896830e+02,4.823449050009593719e+01
-1.145915382131101410e+02,3.565286642064536693e+01
-8.776331101218778485e+01,4.448838924639184711e+01
-1.000688457833282996e+02,3.841523137133484767e+01
-1.192520099359636845e+02,3.595461843969209070e+01
-7.593563102193319025e+01,4.392872994586419111e+01
-9.875135330587315252e+01,3.765042567855154232e+01
-1.207064907543116590e+02,4.712966421019649488e+01
-8.891249609009753385e+01,3.752316825146924373e+01
-1.053988966037266266e+02,3.147559016866082970e+01
-9.589105048049745506e+01,3.350611595537176868e+01
-1.027434598243623327e+02,3.207511079911066076e+01
-9.091339956564146974e+01,4.581465613667368331e+01
-1.075864053058733987e+02,4.289864184080207821e+01
-1.141289093970742954e+02,4.146193714578722478e+01
-8.962277243618655120e+01,3.753748077572620900e+01
-9.812317076120058346e+01,2.936036064908971355e+01
-8.275885385916723180e+01,3.995896772800828955e+01
-7.558335724172556525e+01,4.105019192815122864e+01
-1.069542669500326895e+02,3.594933866705903824e+01
-1.096014670298126390e+02,4.166484710441798711e+01
-1.180370020884071494e+02,4.467617446876521115e+01
-1.073305793536474511e+02,4.621549302787538238e+01
-1.161429005694434977e+02,4.787711786106038403e+01
-1.071144264658905598e+02,3.339589554571295338e+01
-1.056914109644411610e+02,4.885702152359788641e+01
-9.590656627877299911e+01,2.945161095515615912e+01
-1.132679211041438379e+02,4.347824700989180258e+01
-9.214901176092064361e+01,3.940563660142949232e+01
-1.019195107618709812e+02,4.380793226445057087e+01
-8.214296740365573157e+01,4.059581397339068332e+01
-1.048922516909567832e+02,3.906959802822832728e+01
-1.023223245574516653e+02,3.564887819672883040e+01
-9.301900354601846743e+01,3.987204011565602002e+01
-9.564584622704285266e+01,3.127921512477077570e+01
-1.142002796146475134e+02,4.625129097662212985e+01
-9.796008750035528578e+01,2.703375424423120421e+01
-9.510365131512793369e+01,4.820552353567420312e+01
-9.337198788372472791e+01,3.186163488700897517e+01
-7.483782026770869322e+01,4.434558264346009082e+01
-1.145263915117261746e+02,3.850551956540011389e+01
-8.208718333270552137e+01,3.553103317966565555e+01
-1.113540745283730899e+02,3.525233976415248094e+01
-9.706526725181184645e+01,4.132642385754076031e+01
-1.110459982591049339e+02,4.568409724808174133e+01
-1.096297765224377656e+02,3.933489094414397158e+01
-8.470771570059834232e+01,4.157367898980287180e+01
-1.050421175681291146e+02,3.899829842885834807e+01
-1.131906843793831996e+02,4.018175289736768008e+01
-1.081554034820531740e+02,4.197207964404874758e+01
-9.534867042627843148e+01,4.216283360462476537e+01
-6.914277195086177130e+01,4.700031985649297894e+01
-1.111178223855207250e+02,4.525156884928613010e+01
-9.805089429319370709e+01,3.080078698850328678e+01
-9.637577722066981778e+01,4.210195805261459867e+01
-1.004698611517180211e+02,2.915524199132166316e+01
-8.472567594544003100e+01,3.692219161402039163e+01
-1.173446523145371430e+02,4.767205690047269684e+01
-1.100679777891250524e+02,4.286803873767244966e+01
-1.073512280677843194e+02,4.512880989694901501e+01
-1.222553050385281495e+02,4.093554937351952105e+01
-1.145090860875879173e+02,4.231714598209362777e+01
-9.628950530528149443e+01,4.526722132716322733e+01
-9.512623187467474395e+01,4.422945098673110209e+01
-1.064656881618278987e+02,3.337624591160585652e+01
-7.548051603417499678e+01,4.419243139767926465e+01
-1.120354683601960772e+02,3.667031199162028798e+01
-8.357657805144842200e+01,3.338213477463133927e+01
-1.076675811180921301e+02,4.261427551340045738e+01
-9.372789747118653736e+01,3.616741073172326537e+01
-1.011614594015419897e+02,3.211751106617141005e+01
-8.442309589600111508e+01,3.237176596543262264e+01
-9.454401187371291826e+01,3.240502922425416443e+01
-1.065439579917230901e+02,4.778025658600334680e+01
-7.891560913129592336e+01,3.917943084455878022e+01
-8.828064753653984553e+01,4.128414592798185367e+01
-1.005761889836591365e+02,2.992246661415709497e+01
-9.560551276777113117e+01,2.992855948932628252e+01
-9.987341097195827899e+01,4.817403959605508135e+01
-1.117118814949059242e+02,3.901376717892129165e+01
-7.976232878290355188e+01,3.715780899093451950e+01
-9.625514336947458105e+01,4.768831853924415043e+01
-8.268454086027607275e+01,4.462671348493569212e+01
-1.191364570450280951e+02,4.564439647776874409e+01
-8.497793610272050557e+01,3.483609944462118335e+01
-1.132806068418581162e+02,3.501879641530661047e+01
-1.004121930133127876e+02,3.625592637206116819e+01
-9.904356463017791157e+01,3.050597947995684933e+01
-9.253419725968512921e+01,4.181825803063953373e+01
-8.669597736665275534e+01,3.253738762650588967e+01
-1.064396225821110136e+02,3.203296631243412662e+01
-1.061503649646839449e+02,3.605880385306434732e+01
-1.182749976872642321e+02,3.862951138826449693e+01
-9.004473309189160091e+01,3.566150736172399149e+01
-9.405176853581471619e+01,3.472274411117945903e+01
-1.192166440412212296e+02,4.482790698249451822e+01
-7.756775683324914894e+01,3.818687080258314381e+01
-8.289416775280164984e+01,4.531027717429293489e+01
-9.713955538927879729e+01,4.181317429695520360e+01
-1.228366992312703587e+02,4.747868252469295669e+01
-9.516630076920222336e+01,4.657154648636865346e+01
-1.046860548791694612e+02,3.272528143739256024e+01
-1.205878603451301956e+02,3.881682295611881983e+01
-1.096130853673209771e+02,3.187896613998528750e+01
-7.601679068526041760e+01,4.272933798925601678e+01
-8.223554837255522898e+01,3.094923306618224856e+01
-9.622138554561504975e+01,4.819930894111291053e+01
-8.764899258046867203e+01,4.745664546629232916e+01
-1.235443819548221001e+02,4.090325045176724927e+01
-9.781104557908736297e+01,3.455479124424645931e+01
-9.369410754522496632e+01,3.279753322220855694e+01
-7.927301197541572719e+01,4.202420802133417510e+01
-1.111799260249855621e+02,4.847302780422108981e+01
-9.398049027697467750e+01,3.603217134035197944e+01
-1.034333725797226720e+02,4.140673446045751405e+01
-8.682104883255053096e+01,4.689449761910815084e+01
-7.886897621719856488e+01,3.494582352251039481e+01
-1.051126659292692125e+02,3.157093126771809466e+01
-1.150749080557611279e+02,3.479352806020605726e+01
-1.014561044157393752e+02,4.885768051682018154e+01
-1.012761798522243168e+02,4.092921770220470989e+01
-9.661831451348561473e+01,3.544468382326006406e+01
-1.064966107239226289e+02,3.476756677390878281e+01
-8.632475717707674789e+01,4.255911277274641691e+01
-1.052879510078490597e+02,4.420600352951008460e+01
-9.265128505309212414e+01,4.029664633842131138e+01
-1.035393963434160867e+02,4.371424530654128660e+01
-1.239029662811078509e+02,4.655878593396687393e+01
-1.068636110850113567e+02,3.254500440656881466e+01
-8.882052400883529231e+01,3.701250983233991576e+01
-9.692098857762400144e+01,2.975610497208811722e+01
-9.839322570460799966e+01,4.181351437773886204e+01
-1.078031873809377998e+02,4.451979361463946816e+01
-9.613218634422608488e+01,4.830865470860580047e+01
-1.234592511760582596e+02,4.745198839849946637e+01
-1.081873417550297063e+02,4.641585364845224149e+01
-1.205772285623430520e+02,4.056509219633794316e+01
-1.113486230001530117e+02,3.488938530723373788e+01
-1.072767865869037678e+02,3.873603129585394811e+01
-1.241179016373623938e+02,4.187213349272251151e+01
-7.860124903366759952e+01,3.536056945181362465e+01
-8.187206299555344913e+01,4.071398499494812739e+01
-1.060007808820955404e+02,4.159854236458438237e+01
-9.089165303726338152e+01,3.549671377093483216e+01
-1.076159990264487618e+02,4.091250476679588388e+01
-1.217469423575717116e+02,4.281233720408980048e+01
-1.134554738882351899e+02,4.371602374833464921e+01
-9.175474976351245004e+01,4.041197056118920017e+01
-1.202796968079955633e+02,4.466338370673608438e+01
-1.067446464528342460e+02,3.735821864783537194e+01
-1.061071732726675236e+02,4.120665527461744659e+01
-9.921986824436169172e+01,3.169769484242191737e+01
-6.957251057418910989e+01,4.532231734709486659e+01
-1.157551513005634973e+02,4.111207517453058813e+01
-1.210354866307440176e+02,3.852461441631096051e+01
-1.166822224887689288e+02,3.960100644100428724e+01
-1.094895337812090759e+02,3.828872020629450645e+01
-9.036220535627856520e+01,3.961937983433060850e+01
-9.220424546069654070e+01,4.297139597739099770e+01
-1.174093450466405386e+02,3.910075692669965974e+01
-8.655531690988385662e+01,3.585698218474989574e+01
-9.336484323844430833e+01,3.603247010587124777e+01
-8.382341888929894935e+01,4.584180245577351087e+01
-8.545620845714378788e+01,3.754429042468922972e+01
-1.052082380748414323e+02,4.067498694791667901e+01
-1.052530070746892648e+02,4.386045720798847469e+01
-1.133753309931581157e+02,3.328050905170356089e+01
-7.546288868788418824e+01,4.400066599276100732e+01
-1.057201465431966767e+02,3.727783677270240048e+01
-9.552468679038261712e+01,3.384833607831616575e+01
-1.028214382134711400e+02,4.492671923895245811e+01
-9.366159801459301093e+01,3.990922276403128421e+01
-8.630993564692495568e+01,4.382063794160080761e+01
-9.913439622305196508e+01,3.752767856463421481e+01
-9.347645256834373129e+01,4.316810047452187860e+01
-1.134150805800704092e+02,3.737773794909966796e+01
-1.221136385455705948e+02,4.304565549531014312e+01
-1.015597387032095611e+02,3.764393744968897693e+01
-8.526156858565184393e+01,4.477575589418118085e+01
-9.411471946139867839e+01,4.400514596437957948e+01
-9.541690480417284448e+01,4.133903454735795435e+01
-9.880883651704559156e+01,4.810493111116879561e+01
-8.863562032432209037e+01,3.907270900072529685e+01
-1.093693645617777293e+02,3.252374687509512086e+01
-9.957298455527137548e+01,3.572472684723010161e+01
-1.043121619172381145e+02,4.055095490380037404e+01
-8.357192707272304233e+01,3.706546374891003381e+01
-7.355488928995288234e+01,4.108340535848554964e+01
-1.194843525677802205e+02,3.813712083129823327e+01
-1.018150389479519902e+02,4.525238295769577945e+01
-1.060667442196218957e+02,3.225343524621344216e+01
-9.768471770194325643e+01,4.105424891356153694e+01
-7.593620114842062208e+01,4.385644897323377478e+01
-9.574508965306387154e+01,4.333779914160405866e+01
-1.058128843258513712e+02,4.544258349319002832e+01
-8.220177356065838126e+01,2.850924126652811097e+01
-1.154424569549432107e+02,3.327523369938459297e+01
-7.563634101377166985e+01,4.159168735548131934e+01
-9.410791282785143608e+01,3.857395804017851049e+01
-1.011762804020064834e+02,4.213552411566477929e+01
-1.183226442339215367e+02,4.368051845370063546e+01
-1.113562571635184071e+02,4.653798921346688644e+01
-1.042914785851301787e+02,3.633488336824053277e+01
-8.042098101686546840e+01,4.120337508216994848e+01
-9.923001000496066126e+01,2.809528760159543737e+01
-8.443694149939892668e+01,3.965229860738568846e+01
-8.833196193590487155e+01,4.073381013635579961e+01
-8.851081828310017841e+01,4.703184181626298965e+01
-8.511664277470853790e+01,3.376092366286714963e+01
-8.541014585115777891e+01,3.264404409323878298e+01
-1.225747805986955115e+02,3.995705607148138228e+01
-1.129962866151979028e+02,4.195004624825037354e+01
-8.109364960924108345e+01,2.699194530677644366e+01
-7.656155838273399183e+01,4.192836892306526408e+01
-8.903020466037646941e+01,4.483973083346658939e+01
-1.134300884194392438e+02,3.709418438681415608e+01
-7.438426274125231430e+01,4.433097878748771592e+01
-1.013726105350757507e+02,3.445862987507192798e+01
-9.580857115167930260e+01,4.465670337792892042e+01
-8.246231301929026358e+01,2.808467290275164885e+01
-1.181090581856980180e+02,4.796472319642934679e+01
-1.140533240597905404e+02,3.245141328137096082e+01
-8.097249038788143594e+01,3.226195110729383941e+01
-8.373867106613414535e+01,3.471499588192389751e+01
-8.597754361891688291e+01,3.922439747747451833e+01
-7.832325819584264082e+01,4.204022613026672417e+01
-9.311888383893412424e+01,4.191584043455328157e+01
-1.195450015735688112e+02,4.609650531388236061e+01
-1.099749065765268483e+02,4.258894205057897864e+01
-8.119987109919368606e+01,3.617891911889286405e+01
-1.122228622128728830e+02,4.038824059138256217e+01
-8.292199935387162668e+01,3.267959632958842775e+01
-1.068121470307124667e+02,4.294158482023139811e+01
-1.001809939047245592e+02,4.367046184741936088e+01
-1.076458461737427115e+02,3.881569713533760080e+01
-1.044835464695117651e+02,3.211718842728907219e+01
-9.651613400474914783e+01,3.519161716485070457e+01
-1.167019358882564717e+02,3.914232945358723725e+01
-8.817879209016243180e+01,4.521593267663969584e+01
-9.466802496377179921e+01,3.764641346601449357e+01
-7.082947039413159018e+01,4.362382692958605901e+01
-9.602320610183889471e+01,4.162448591231498085e+01
-1.058584184398877284e+02,4.622839113496450381e+01
-8.926989038448570568e+01,3.366550769375747620e+01
-7.754341573974539870e+01,3.491925587442845824e+01
-8.363478591549089458e+01,4.021266491182937841e+01
-9.500171721202602271e+01,4.765711022343353420e+01
-1.128282785268877291e+02,3.950386925410305139e+01
-1.017765211582849361e+02,3.166202354608719816e+01
-1.174110554655777037e+02,4.627503885087583058e+01
-8.185312443566343177e+01,4.045921057208538230e+01
-9.127360384174262720e+01,3.045589657850644016e+01
-1.173383617811314110e+02,4.241069233227091217e+01
-9.928184021318244845e+01,4.873192685793004841e+01
-1.112188591834521390e+02,4.849844608043483163e+01
-8.810697774109664238e+01,4.644518415871458217e+01
-1.136033340026539378e+02,4.408381186522250772e+01
-8.445554742669406778e+01,3.362603720914462713e+01
-1.174883693647000200e+02,4.881107015657820369e+01
-8.283809493382941014e+01,3.445471305748669977e+01
-9.504080917904497028e+01,4.117234976601986318e+01
-9.504842121140163158e+01,4.571021906115844047e+01
-1.212993865809905998e+02,4.487498721795710566e+01
-8.749629712056132291e+01,4.741317103667249455e+01
-9.820222526607091140e+01,4.558044227191309261e+01
-1.217572014361843316e+02,4.591199080743722050e+01
-1.097080266161225808e+02,4.133660126206848417e+01
-8.261464431808067843e+01,4.468981628846159282e+01
-7.220085943040466248e+01,4.154109981737906310e+01
-9.876436635740297731e+01,4.717701405398179304e+01
-1.205427688018589265e+02,4.597141622509285241e+01
-1.049483208600267403e+02,4.522339241353546413e+01
-1.164791083722950589e+02,3.659307689555936349e+01
-9.466974678442065283e+01,3.738548987147670033e+01
-8.032115765827580844e+01,3.832474711087679253e+01
-1.227895875252584688e+02,4.028744958232011442e+01
-8.768462592498588037e+01,4.630423514812308383e+01
-8.667417895204827971e+01,4.675638641845380050e+01
-1.191624199874546548e+02,3.786699176656255617e+01
-1.034307401722354172e+02,3.281772384282997734e+01
-9.566547472921028827e+01,4.434924151977035223e+01
-8.695753806999692870e+01,4.541264920355533263e+01
-1.010852037532704628e+02,3.631083703681476749e+01
-8.801833837958795925e+01,3.924383960350427003e+01
-9.332288334782185757e+01,4.398109803937474283e+01
-1.091164386043649586e+02,4.099348995068251611e+01
-1.218904507256887655e+02,3.725233167087258579e+01
-8.382406199108848455e+01,3.678558837216471034e+01
-1.240438350849990172e+02,4.224301999327545332e+01
-9.173133000805984238e+01,4.422930837918600133e+01
-1.182280265637002117e+02,4.160993463672516413e+01
-8.874947838286979618e+01,3.248966248166141924e+01
-9.829153556145855930e+01,4.623128242364614948e+01
-8.856511548253732258e+01,3.564725934613332470e+01
-1.000491335492903318e+02,4.778860177205856985e+01
-1.186776252462747152e+02,4.430339058557309784e+01
-8.514657969585303476e+01,3.706519024858660316e+01
-9.791881680154486389e+01,3.711929899294926116e+01
-1.213642673417900824e+02,4.589908475427026247e+01
-1.035209047896673837e+02,4.641341161584259112e+01
-1.044301831885884440e+02,3.244703081480119522e+01
-1.024386064775007696e+02,4.630652314428776606e+01
-1.107100652981201279e+02,4.090948402449829047e+01
-1.175128949781222047e+02,4.295197638837431953e+01
-7.591741303833033783e+01,4.282275709246450646e+01
-1.208228183829518940e+02,4.734657051229920199e+01
-1.192711330934695582e+02,4.835452313696726634e+01
-1.161013235777491275e+02,4.404203683573969386e+01
-9.292083175075100598e+01,3.207281780319910069e+01
-1.041508968139064422e+02,4.083817632542934462e+01
-1.110602813618664726e+02,3.603123706445230567e+01
-1.061678804919642118e+02,4.005277920895645138e+01
-9.083499627223122275e+01,3.733646016141752710e+01
-9.797270439405731679e+01,4.221113320493678600e+01
-1.070636314490071186e+02,3.828296074342636501e+01
-1.049696275084969841e+02,3.203925975414451699e+01
-9.063780527532507847e+01,3.488494585735785591e+01
-7.737653890285247371e+01,4.082933242509053429e+01
-1.161129924078303617e+02,3.525017794884561795e+01
-1.123628188584719680e+02,3.887638142625058890e+01
-9.887829879130441668e+01,3.043941677968015469e+01
-1.108594758204137207e+02,3.241819292498652061e+01
-9.290195056116702688e+01,4.515260591754717723e+01
-8.573220278938322281e+01,3.238484559533154794e+01
-1.027943098007490335e+02,3.985527480297894698e+01
-8.545014723848782978e+01,4.564363795762194798e+01
-9.104156659526807971e+01,4.396411485986400436e+01
-8.786535788175737594e+01,4.645381043729122439e+01
-1.191546319042993503e+02,3.900112590625015940e+01
-1.117616925666715701e+02,4.853755357947066784e+01
-1.054249242606502008e+02,4.692728352723210605e+01
-9.303459078107867697e+01,3.053818950287809741e+01
-1.074883191367491548e+02,4.534107036811911939e+01
-9.522698764643364200e+01,3.418478140182959635e+01
-1.060097444150771651e+02,4.004552771282225621e+01
-8.482558558596161902e+01,4.411376018161389823e+01
-1.158015436292550646e+02,4.690885572432755168e+01
-8.109777169320427959e+01,3.445990376970196678e+01
-8.230506986680495629e+01,3.628429874630640484e+01
-9.924008534583006735e+01,3.569486766725030691e+01
-8.573320589676865211e+01,3.261916950959272299e+01
-8.811302931669601435e+01,3.301088764809861686e+01
-1.230734745443277660e+02,4.361677247414010594e+01
-1.140188257905830937e+02,4.666554091103438395e+01
-1.151193285777393243e+02,3.605355110218162906e+01
-8.679714793375165982e+01,4.555647632709435868e+01
-9.159256893301605373e+01,4.176606503461822228e+01
-9.168255504370196718e+01,3.903801802770188090e+01
-1.006220265625936605e+02,3.867975817373294944e+01
-1.036131685611873934e+02,4.429287141437117725e+01
-8.783356629988412578e+01,3.292870678134281093e+01
-9.603601123153971741e+01,3.911737481889250034e+01
-8.447360444847811323e+01,3.559295975223965058e+01
-9.969083247207997545e+01,4.836332726836345586e+01
-1.156702644001439069e+02,4.047966552253288341e+01
-8.811227173777353983e+01,3.080592065764699328e+01
-9.947038455033552395e+01,3.429008731514689146e+01
-9.878979552902004002e+01,4.528141225427010852e+01
-1.112551220515281614e+02,3.427844672457508324e+01
-1.193488920457639040e+02,4.610464653217503894e+01
-8.458764325670158257e+01,3.629604877102437399e+01
-9.841261218405790601e+01,2.729123477601164183e+01
-1.063340432698294222e+02,4.785532855786154016e+01
-1.078915595408502668e+02,3.730124466930323734e+01
-1.122320747083958281e+02,4.146605936080961641e+01
-1.239635826436887953e+02,4.360404958738612891e+01
-1.234466621636089627e+02,4.618902710114258525e+01
-9.585936534561247413e+01,4.149063489202137589e+01
-1.145340201753337794e+02,3.904790177107346949e+01
-1.008922262529198832e+02,4.498174130754537714e+01
-1.150720049241829201e+02,4.213893239731147844e+01
-1.180668952402982086e+02,4.232159256682336945e+01
-1.210605196009995126e+02,3.698266787938604949e+01
-1.055225104329160786e+02,3.400003460804040856e+01
-1.211750449466555040e+02,4.744852417783197041e+01
-9.160616923116546673e+01,4.636504328266043018e+01
-9.367114243368045834e+01,3.054538513256050436e+01
-1.156737621548203379e+02,3.598705630120186783e+01
-8.328339494842347790e+01,4.322920633019142400e+01
-1.143285867609219650e+02,3.289267269743203315e+01
-1.018291175798533743e+02,3.779413999382547473e+01
-6.981285663657109808e+01,4.404281191029917863e+01
-7.295022856643512910e+01,4.479418302685975561e+01
-1.137092384111402765e+02,4.008795301392908073e+01
-1.197402086330593818e+02,4.158474309791223789e+01
-9.461040950737334754e+01,4.435612182275695403e+01
-1.133855492730140213e+02,4.094137211245718788e+01
-1.140068723601085026e+02,4.663820482470363515e+01
-8.034508818392566809e+01,3.927955762711993515e+01
-8.170279964696889863e+01,3.120439668116183896e+01
-1.006349537130020053e+02,3.573234031953003864e+01
-1.042918150566807185e+02,3.346626708991630750e+01
-9.297170434366110214e+01,4.406300139278407357e+01
-9.019864592357797051e+01,4.199830610320125857e+01
-9.573999071806790084e+01,4.761569297666738976e+01
-1.180835564995654181e+02,3.608048900032664363e+01
-9.011137655506301769e+01,4.690277818995232906e+01
-1.107647495534762783e+02,4.594084997276412707e+01
-9.226437954164961752e+01,3.226314501709890692e+01
-1.121817512712598699e+02,3.806738581726756365e+01
-1.093804335648729875e+02,4.689161249791732189e+01
-1.076111649292460299e+02,4.175722630239710043e+01
-9.913649266036404128e+01,4.379840435676987909e+01
-8.723087681828010886e+01,4.427330410400148253e+01
-6.776935916262388560e+01,4.453257146225040941e+01
-9.344545980342650182e+01,4.797035632643292047e+01
-1.107573667943148621e+02,4.354143625669749440e+01
-1.128308415884429508e+02,4.574526770498889050e+01
-1.095756370240874418e+02,4.151435845081108766e+01
-1.157882094750476796e+02,4.519412174974104346e+01
-1.047380089233421074e+02,4.652303960513347647e+01
-1.007354244045884712e+02,3.971061471789273867e+01
-1.224635789695160781e+02,4.092945588770302123e+01
-1.029375177574112996e+02,4.492776445691156084e+01
-8.664451613679686659e+01,4.336183695825259576e+01
-1.206713717184622112e+02,4.859052402544846672e+01
-8.830252445884326562e+01,3.884259668808185495e+01
-7.206941660918040782e+01,4.189775741028037714e+01
-9.332953641407880241e+01,3.346451145667566607e+01
-1.198629183486884529e+02,4.050771567788064687e+01
-8.675886431969240675e+01,3.682215859824002280e+01
-1.091076701801184754e+02,4.719121417827767573e+01
-1.148864326010885009e+02,4.165772527764512745e+01
-1.155703809908911950e+02,3.908671736759849580e+01
-1.010759989813606694e+02,4.106562347695913218e+01
-9.496785291652119554e+01,3.727021062163937870e+01
-9.269345312450440133e+01,3.207084517860972284e+01
-7.864535322233686543e+01,3.940231926645770244e+01
-8.300796764451712306e+01,3.320832958355297393e+01
-1.037882336898834552e+02,4.790986933627230826e+01
-1.081556562453375818e+02,4.171259326597833450e+01
-8.997389460871968936e+01,3.930974086853922245e+01
-9.607601437852254378e+01,4.727253004865112018e+01
-9.535627946117503484e+01,3.782013278292152592e+01
-1.098220062427251094e+02,4.427123489796021971e+01
-9.308963853902804431e+01,3.882449664705607262e+01
-9.649960459666630186e+01,4.598990603997376070e+01
-1.190605894861394916e+02,3.627805918227591775e+01
-1.187369061717052148e+02,3.619025213231067539e+01
-8.128130488335708037e+01,3.644959166458336597e+01
-1.175456303621907210e+02,4.153289308761480925e+01
-1.080069018944562487e+02,4.161544937437518854e+01
-9.521935375816619285e+01,3.386173140581455954e+01
-9.271406630026430662e+01,3.003974011498182506e+01
-8.698445259189558953e+01,3.602189514051749342e+01
-9.326640892116105874e+01,3.590228113981011404e+01
-9.355229720880893751e+01,3.543011313592478473e+01
-1.011107055456383819e+02,3.650300944540763481e+01
-9.154851598976330251e+01,3.189289537364340177e+01
-1.176837927082216879e+02,4.653572716952631083e+01
-9.590270154211664533e+01,3.373057967940070512e+01
-1.178400568230179033e+02,4.573393964239717491e+01
-8.103892087771859565e+01,3.769369432127531638e+01
-9.712144217222015641e+01,3.597875467607669009e+01
-6.689939097640508692e+01,4.558084748527379304e+01
-9.626899004996602116e+01,4.305926914235556779e+01
-1.101271251337338413e+02,3.528132230811659298e+01
-1.175071476947456404e+02,4.827907280138717283e+01
-9.175247153152614032e+01,4.405178553521838580e+01
-7.151211702890525146e+01,4.202016086105403758e+01
-1.065007820805519145e+02,4.255508152803738398e+01
-9.447988042409522791e+01,4.648873751861975734e+01
-1.032841708313066391e+02,4.695194321348185440e+01
-9.254860772390242118e+01,4.187949011523052434e+01
-1.086124754078409040e+02,4.202946024110562462e+01
-8.862563796676852235e+01,3.878729539774374047e+01
-1.109541689184222975e+02,4.529690291896604037e+01
-9.522352005069808456e+01,3.694882781556799500e+01
-8.925423174589863606e+01,3.580643228068309014e+01
-8.746383930237246318e+01,4.107549174023432670e+01
-7.408919934438640098e+01,4.345536081799750860e+01
-1.167598343492259971e+02,4.808584252775878554e+01
-9.634539498510820010e+01,3.557103051730852883e+01
-1.155375560043228944e+02,4.331113436523275340e+01
-9.314744909950042029e+01,4.657398388388555333e+01
-1.064932236489828341e+02,3.661036319700012598e+01
-1.110060686599306621e+02,4.754860748752324184e+01
-1.137548336343641893e+02,4.333625701381514261e+01
-7.748814821947448195e+01,3.592892001158019610e+01
-8.840693986957026596e+01,3.362997754629409286e+01
-9.938044424346998085e+01,2.998740338693322371e+01
-1.165634186578171096e+02,3.289884386969194452e+01
-1.187037444886523758e+02,3.593847501908050646e+01
-9.786909712527594252e+01,4.347958161754417006e+01
-9.087639782382842668e+01,4.118636362175204368e+01
-8.139480587195632211e+01,3.883771213099761610e+01
-8.399434394844284668e+01,4.143199978516226167e+01
-8.600949982187282217e+01,3.045396463883621863e+01
-8.096367545437789204e+01,3.247492492280883880e+01
-9.431377421543396622e+01,3.008037215033669654e+01
-9.798944432372508118e+01,4.355443292035455727e+01
-1.038884514425229639e+02,4.838369525320946707e+01
-8.977892120507083007e+01,4.293026364494059521e+01
-1.178117322192040604e+02,4.815544663710216611e+01
-9.660241688152990491e+01,4.042153341530917032e+01
-8.223553756947504212e+01,3.326304697703419322e+01
-1.133621898833733326e+02,3.378657040278815771e+01
-1.166449182163375156e+02,4.630382705338363536e+01
-1.041450938022776853e+02,3.284776085538929635e+01
-1.111839873810485102e+02,3.635460891490343016e+01
-1.030347900689344556e+02,4.308723816261154127e+01
-6.829706002507217022e+01,4.662439934754415560e+01
-1.108546574054221736e+02,3.985405329919534978e+01
-1.007216514442535242e+02,3.116095614876432762e+01
-8.685371261539290799e+01,4.342915230606314481e+01
-1.160863584959930961e+02,4.243506516265546225e+01
-1.159984583479128020e+02,4.738035452150846538e+01
-1.136051934452271439e+02,4.875586559267870257e+01
-1.156834369640772593e+02,3.645936739309667018e+01
-8.616647738142020785e+01,3.577339159853475081e+01
-1.235251824342763598e+02,3.888522115251771538e+01
-9.626499745660018448e+01,4.041850594460545665e+01
-1.048885692499722069e+02,4.338702563651665400e+01
-1.036060525671069144e+02,4.183564261047112609e+01
-8.715679473510340358e+01,3.484716990022744199e+01
-9.248227747686937050e+01,3.026283078600526366e+01
-1.219128055355998868e+02,3.975134545776614914e+01
-1.071996165468560491e+02,3.408215918312379245e+01
-8.441580620423660264e+01,4.162385112068916726e+01
-8.399654999750907791e+01,3.015438798536609255e+01
-7.586480794261757410e+01,4.235644848751817904e+01
-1.231122087584180349e+02,4.354388118250336248e+01
-9.973864695611923992e+01,2.866579953504837164e+01
-1.180093689539424275e+02,3.818834431331257662e+01
-9.631292717384086188e+01,3.218353674702218115e+01
-1.167031340091056677e+02,4.881114566547532263e+01
-9.112081646576135086e+01,3.745442502783525640e+01
-8.748302900644152658e+01,3.077893191953943841e+01
-1.074898321376359434e+02,4.025266264852089648e+01
-9.547870239043288620e+01,2.913939804690762969e+01
-9.447504800241770795e+01,3.035797695870123292e+01
-1.009584339998624500e+02,3.280008208315607021e+01
-8.827566199880425302e+01,3.354699377231744961e+01
-1.173086630606544389e+02,4.538241237980022902e+01
-9.145356215697472635e+01,3.135676752217795027e+01
-9.178863365921665718e+01,3.934825479800139192e+01
-1.164550060945362873e+02,4.834422847859504202e+01
-1.133032350681482399e+02,4.488545199906410943e+01
-7.849772123562750892e+01,3.777391976882967128e+01
-8.178059878390646986e+01,3.300966010565031183e+01
-9.965065412222040209e+01,3.127232741186413634e+01
-1.034946095583884187e+02,2.952649424146430945e+01
-9.210792006206179394e+01,3.465908235257956704e+01
-1.020026565965498406e+02,4.097331445456495658e+01
-6.951033645742222689e+01,4.421136318808019894e+01
-7.791198434063926470e+01,4.294733269793042041e+01
-7.370770050403935159e+01,4.304414917270833740e+01
-1.191272561364793034e+02,4.464150599224487337e+01
-1.184203316006045696e+02,4.654091162667556603e+01
-1.070698738566099593e+02,3.584219505273582485e+01
-1.096162412437775515e+02,4.294759484646471037e+01
-1.209737304803881273e+02,3.651611612424675712e+01
-1.083858696991797927e+02,3.523042682588941688e+01
-1.001752776965673206e+02,3.986910346923720994e+01
-1.118658624750709407e+02,3.187158610938939063e+01
-1.202488321477169677e+02,4.183617226554682134e+01
-8.615338985392537552e+01,4.679265956502261048e+01
-9.785320441947821735e+01,4.358852625785291224e+01
-9.951244894550534070e+01,3.912086808580956898e+01
-1.218349852024806097e+02,3.978852238945414399e+01
-9.893724765409881172e+01,4.584516694039353268e+01
-8.390760340319491206e+01,3.076526075047379294e+01
